0.5825295308327734 0.7982449078981044 -0.15318098028964236 389.69007226361117 -0.7909832035864852 0.600109143795529 0.11922494360266273 -162.19110227048606 0.18709601105264131 0.051711532057596536 0.9809796124795082 43.512674022798464
0.5975747671017717 0.7813129324025687 -0.1801513235692771 390.5771751486223 -0.7777934277065224 0.6194346651499387 0.10648041804539599 -163.47417832885557 0.19478650245795315 0.07649050445043798 0.9778585895665668 43.77832781589749
0.6010139677527383 0.7756835851034735 -0.19260629887709457 391.49428284647087 -0.769577456604927 0.6266962562397096 0.12248404263667897 -164.69844269780924 0.21571450774484757 0.0746108451644569 0.9736018040925374 44.04232167855111
0.6728302798562539 0.7223896625644145 -0.1595386784721084 392.2279615400559 -0.7170129093207168 0.6898724408182887 0.09984239213309423 -165.9546920866495 0.18218644948512747 0.047214307360041174 0.9821297810394076 44.524339001224796
0.7206159422735072 0.6707796372011039 -0.17540622012238005 393.30783961918553 -0.6601839178188944 0.7411319325289945 0.12198628299580777 -166.9653551404359 0.21182506554834485 0.027895105344729526 0.976909414788928 44.849055721948
0.7304332341395517 0.6592770045867634 -0.17838475744171522 394.4044569601318 -0.6514525783226425 0.7509712220909479 0.10794332674144154 -168.02667085037731 0.20512637241763004 0.03736381691333106 0.9780220429644982 45.194574209065905
0.7405848679438931 0.6446983964784088 -0.18946775702133306 395.54285136154607 -0.6322464417345925 0.7640398606916823 0.12848162587771594 -169.05944034927475 0.22759281686044713 0.02463876726630726 0.9734446264996914 45.50587404881808
0.6481654930752763 0.7359689082869405 -0.19552815557206304 396.7493668643926 -0.7238367898917051 0.6752034157124855 0.14198820024728873 -170.19095263563892 0.23652017923584379 0.049498620638573056 0.9703649269059156 45.91724032820576
0.6570466204407083 0.7286706562393753 -0.19320665957239147 397.7153119374733 -0.7143610752729329 0.6836945054941019 0.14916459798516052 -171.36124266437065 0.24078619707604298 0.04001122208647846 0.9697531177597747 46.219938144440256
0.7509140462040405 0.6409816806515869 -0.15896723021598927 398.79686241704565 -0.6301886993006218 0.7674657728067374 0.11772209157141149 -172.55854074199635 0.19745961229392409 0.011780179931745613 0.980240240386768 46.61169314050062
0.5018280541173166 0.8382644398409652 -0.2132635294628234 399.77604206671515 -0.8328031527630145 0.5348617532987121 0.14269482683759308 -173.86655278178853 0.23368250437037574 0.10599827242149062 0.966517901228347 46.920881521349116
0.3006515489115542 0.9310398206184032 -0.20681754896510748 400.50985155891846 -0.9345828642717102 0.3308422614841453 0.13076034500467623 -175.27905175102 0.1901670737713784 0.15397483703159984 0.9696021006651767 47.38100858158908
0.2748863646132115 0.9355165303378724 -0.22191509190300923 400.83135253524847 -0.9345244283738404 0.3142325615856888 0.16709874329821597 -176.8029544268688 0.22605658433737197 0.16145190833150522 0.9606412972456659 47.66174711337848
0.29023988885442753 0.9352705518161445 -0.20255814430255303 401.38355425589 -0.9413049348004744 0.3171478188485245 0.11559533173920909 -178.24731373540456 0.17235378335865975 0.1571186045799411 0.9724237334911198 47.986118800870564
0.28010748845367694 0.9356434986850506 -0.2147348091963 401.60092401033137 -0.9380185000969026 0.3143284959040771 0.14600989739958753 -179.71469093248425 0.2041104808385173 0.1605267579909303 0.965696676799082 48.268285219724405
0.3770363510190926 0.8968281291234398 -0.23139338111354488 401.897166894012 -0.8948102839657045 0.417196435156159 0.15893926576591458 -181.2144328877489 0.23907769808039978 0.14712729626396134 0.9597892544588285 48.490645885263554
-0.013926853610350731 0.9739511131422968 -0.22633000675428885 402.6568655303674 -0.9847930706540807 0.02584129671559332 0.17179882239341127 -182.63858121843262 0.17317231516677842 0.22528083938261872 0.9587804194219033 48.950248905132305
-0.3495022966561503 0.9212531547970686 -0.17070667652005944 401.9834992053321 -0.9220403335376612 -0.30583037504753885 0.23729602826014531 -184.2512394280558 0.16640242775222452 0.24033394781996484 0.9563209845880388 48.900764775486955
-0.1583494307029265 0.9635485809226202 -0.21563763585715812 401.35901182083796 -0.9799148054437493 -0.12654801372966085 0.15411870195799426 -185.58874180580648 0.12121234206217844 0.23571112070303946 0.9642343261410675 49.21536190717749
0.12029649118139352 0.9695839180286749 -0.2131567031777541 401.21285488065064 -0.9784409738691977 0.15210782214545726 0.13970136397352118 -187.3495787297431 0.16787499773147047 0.1917556683447198 0.9669786702892307 49.45546394773804
0.042141834362089625 0.9761862547665172 -0.21280146099479366 401.4937136362646 -0.985230402118564 0.0759836940979347 0.15345205431184078 -188.89938522219168 0.16596722730072602 0.20319171793198648 0.9649704685771255 49.635959703930126
-0.2700382539079007 0.9399598745523908 -0.20869780942268237 401.3202956193961 -0.9574406972287989 -0.23919536407976683 0.1615329350094891 -190.40456496132632 0.1019149288200906 0.24343584788235675 0.9645477361174998 49.84217218969497
-0.343938749550714 0.9192453313925014 -0.19155719060004492 400.7687729760688 -0.9352555799577423 -0.3171848337428964 0.15713300544888245 -191.97415452782082 0.08368474601382611 0.23319906079695493 0.9688214806289235 49.92707588571781
-0.43685146128408103 0.8778414681367075 -0.19635467296082607 400.09822848790645 -0.8961526351487639 -0.4058064462134787 0.179531564710815 -193.5165236182663 0.07791826031097951 0.2543923839881551 0.9639570839404281 49.99512625656405
-0.40578631967344814 0.8876751903708275 -0.2176470058741758 399.3348268366807 -0.9133005983598139 -0.38472631379025124 0.13367004343895122 -194.83367675509743 0.034921050979091026 0.25301861567378864 0.9668309574693166 50.104894875671576
-0.06986059558736901 0.9758707476516715 -0.20687141190107938 398.94494654670547 -0.9884770400145801 -0.039803732965600025 0.1460438434375711 -196.38676333219922 0.13428566024781896 0.2146903507840331 0.9674065405671166 50.22255779860674
0.06421793339406245 0.9769302774856814 -0.2036744705709215 398.933457415692 -0.9806022530273784 0.09964888763191138 0.16878779740061817 -197.99148179822546 0.18518984418219367 0.1888844411948007 0.9643792767818596 50.4687806330211
0.015890891146878694 0.9756509148738379 -0.21875276428973822 399.0246685770104 -0.9890954332938116 0.04737581018453052 0.13944804210417344 -199.4810825235962 0.14641619929463434 0.2141514065216547 0.9657647082332792 50.703623793159196
-0.08636986865404994 0.9770514028702402 -0.19470696427703252 398.90089598396315 -0.984237756916287 -0.05340786838506517 0.16859311212193534 -201.01214355277736 0.1543252527912333 0.20619931072595515 0.9662637117304276 50.9583845890775
-0.12804808523875288 0.9713761657937556 -0.20008006496028224 398.6826324877501 -0.9789929020928918 -0.09152361843388968 0.18219858649425535 -202.50741330859796 0.158671312840179 0.21920714358019783 0.9626897956688772 51.16826408358389
-0.04251310399962893 0.9806436547621875 -0.19112995150676015 398.45784829321474 -0.9836522489741188 -0.007576862204550672 0.17991899357013852 -204.0886004998585 0.174988254110026 0.19565432153109474 0.9649344523799178 51.32304251816707
-0.018691010485799797 0.979069020939406 -0.2026684444203722 398.32878265604353 -0.9814128301568941 0.020756481925528147 0.19078266499216123 -205.97208530491397 0.19099608092957235 0.2024673324139699 0.9604829391377627 51.702093388784895
-0.017813741935423844 0.9790652118737926 -0.20276582921385788 398.26682584470046 -0.9814123617523287 0.021635195785331462 0.1906874261797201 -207.45528967867597 0.19108230372793272 0.2023937479317374 0.960481298100161 51.92927850597467
-0.013954348312025688 0.9780519526719208 -0.2078933717986932 398.2067691777717 -0.9836729327077273 0.023880388168586508 0.17837401301506078 -208.94999645285742 0.17942362615153593 0.20698817583514434 0.9617499973709764 52.178329127953305
-0.017044613526222552 0.9768333644491421 -0.21332149270223952 398.12755130834466 -0.9808757792126573 0.025036213988392286 0.19301785861181406 -210.43126520184887 0.19388704676616372 0.21253180018081372 0.9577254549233816 52.436742614293756
-0.027186618591339196 0.9779581722401335 -0.20702343132676065 398.0216315700053 -0.9812879987815631 0.013382154918928357 0.1920801431095897 -212.0142675000573 0.19061676530894045 0.20837161821721967 0.9592948021878851 52.685668115317874
-0.1706463440993562 0.962695096738249 -0.20999518080579196 397.8074894646183 -0.9754414843251777 -0.13493090590740286 0.17409066973419776 -213.61378652808807 0.1392613941586757 0.23454594719828512 0.9620781999140409 52.93777305781039
-0.17551002819625428 0.9621156815959032 -0.2086375930406627 397.4399561434241 -0.9702788709855458 -0.13318608422794465 0.20204053921686613 -215.33334476424088 0.16659874705880962 0.23789678895537444 0.9568960106945565 53.156573060502005
-0.09219929372920443 0.971042827075702 -0.22039763660408074 397.15900989575925 -0.9839895638238519 -0.054947030353030835 0.16954457272684637 -216.86643604821194 0.15252484558779816 0.23250086417089216 0.9605620852595664 53.40760398087751
-0.09376790270629232 0.9725415977406884 -0.2130033358566299 396.9891482490351 -0.9835401882357757 -0.05729655557535818 0.17136453204888913 -218.47087741507852 0.15445477832426596 0.22556583381174744 0.9619063239575947 53.62554221535292
-0.07916900364796087 0.9741816657449693 -0.21142930494079137 396.8082605344778 -0.9839191741645421 -0.042297847567617675 0.173533716615856 -220.03096976367868 0.16011036060403716 0.22176783855533147 0.9618646984944097 53.89552792070004
-0.09039758510115403 0.9734995460054199 -0.21006406293110086 396.5632230012404 -0.9777147664931016 -0.04661919279942084 0.204696082630007 -221.56646692466873 0.18947852645938507 0.22388676778669225 0.9560191437522618 54.15825401312146
-0.09099035382879861 0.97457688115282 -0.20474534972143202 396.42794943540025 -0.9762008344922203 -0.04664729941426704 0.2117922571626452 -223.19544703320722 0.1968570198057523 0.21914363367389247 0.9556272189370709 54.407600065380976
0.04699786688654939 0.9780712340052637 -0.20289864888543455 396.2275818076466 -0.9832432957852737 0.08111388301164701 0.16325795317866065 -224.78801505339842 0.17613580499554057 0.19182596068883245 0.9654941631125377 54.7028488137932
0.06176055446096995 0.9767634814897407 -0.20522849495309892 396.28222588566183 -0.978868893925004 0.09943709490022845 0.17868394629580464 -226.37545103738745 0.1949392787990984 0.18985617026013019 0.9622646788672251 55.00871923545518
0.010775729410317125 0.9779108365742017 -0.20874453134494386 396.336065180766 -0.9828877574929558 0.04874907565930675 0.17763778818942663 -227.85958256504276 0.18389002100751428 0.20325826756397344 0.9617018960367855 55.320621436727215
-0.09763204191358121 0.9729906007578685 -0.209182397033371 396.2021349105371 -0.9809398078507038 -0.05859969456181835 0.18526513209745113 -229.41784768320338 0.16800320760512027 0.2232831534937281 0.9601664207835469 55.520879278221365
-0.09809225217987305 0.9747134632394339 -0.20077742562865059 395.89384864508077 -0.9810825864877393 -0.060879592702324015 0.1837678798999601 -230.88630100429035 0.16689777875336503 0.2150054412618139 0.9622462219593307 55.82581015687999
-0.10000856000729419 0.9740712866260554 -0.20293697666006683 395.756270219845 -0.978747285793088 -0.05960934354880054 0.19621538348035858 -232.38067800725 0.17903083108205287 0.21824723304624535 0.9593310725655285 56.06365387013678
-0.10130436512399577 0.9730161431476768 -0.20730897419273425 395.5426146388247 -0.9780046422848142 -0.059211635401573925 0.20000225474334948 -233.84962722304337 0.18233031913583858 0.2230102405879395 0.9576127021488032 56.31696746735936
-0.10436981390021871 0.970949447131 -0.215323275709894 395.3415653401172 -0.9823036118148384 -0.06678485592912775 0.17498399136506404 -235.4358758480764 0.15552027572621147 0.2297758780519204 0.9607374717910778 56.574597943011426
-0.10349393247537764 0.9717261537692684 -0.21221990486654654 395.0776766932573 -0.9806791163571825 -0.06408163280906987 0.1848296920882011 -237.02528617175915 0.16600444777679205 0.22724838045035134 0.9595836059984636 56.84476627548187
-0.08564196165336702 0.9753098196486621 -0.20355886151444783 394.9029228343803 -0.9794609985479737 -0.04498375562551282 0.19655181009909553 -238.52429700625308 0.18254206837759338 0.2162110483456363 0.9591304269210267 57.10958793247272
-0.03209772119116594 0.978370617217637 -0.2043542797680404 394.70548965061835 -0.9872850592972051 0.000811642687655767 0.1589577079749888 -240.10661909879383 0.15568541351985557 0.20685810741019536 0.9659046409536625 57.38650902984613
0.05843550479729365 0.9758274380408463 -0.21058514417148105 394.66150667110986 -0.9850120695242797 0.09065273603650892 0.14674230589911802 -241.60025206156024 0.16228528790552993 0.19885394795108557 0.9664991426347393 57.591777391330616
0.057986267093237176 0.9745107074024205 -0.21671749810900168 394.65135469946637 -0.9849824422741466 0.09121018498557676 0.14659567035405272 -243.2010111432743 0.16262589351099335 0.20496239487508502 0.96516487474774 57.97054151235855
0.027119690286952047 0.9748616717059343 -0.2211543430219059 394.67073687276087 -0.9784541329117836 0.071185534037978 0.1938043589075782 -244.71183542738078 0.20467543132137106 0.21113346675133932 0.9557879613339832 58.23717017871287
-0.03944772575901845 0.9801346801834868 -0.1943704855014143 394.6355969248547 -0.9910788698140552 -0.013595988495852529 0.13258138219567517 -246.23612402834814 0.12730495175183223 0.1978665151015575 0.9719271019274176 58.53919127390112
-0.0796931899370712 0.9745966059544875 -0.2093094626137284 394.47730426305395 -0.9787195375421325 -0.03666932120155186 0.2018995485778316 -247.81790352265674 0.18909537887259087 0.2209452795255225 0.9567790346492863 58.80626630564833
-0.06488638172453753 0.9818566276883083 -0.17817777676029128 394.3264440671583 -0.982825265127615 -0.03196844742771021 0.18174849819433103 -249.53801784251846 0.17275490063535276 0.1869106231159811 0.967067817308003 59.00831885836392
-0.1116441992691759 0.9746593404604333 -0.19384205638296698 394.1521100488617 -0.9793213180667528 -0.07479276423501813 0.18797818596337856 -251.06229428166336 0.1687167115301329 0.21082033220569074 0.9628548482399307 59.563167475797236
-0.2416575737104656 0.954321270757653 -0.17570580311380865 393.73177608735335 -0.9574509262677907 -0.20506163442129255 0.20307006149951634 -252.636366159676 0.15776355997922978 0.21730310229715039 0.9632704816793226 59.61518744219229
-0.24188856733804465 0.9496649427358401 -0.19906385289570225 393.30566735674654 -0.9609478159935498 -0.20603914284854974 0.1847353960438051 -254.07782639229617 0.13442178368246263 0.23597535496904867 0.9624169657268395 59.79985055119338
-0.2478999159840236 0.9496369033704446 -0.19166476831203874 392.88104946970515 -0.9550550082266811 -0.20636521481210113 0.212798800223803 -255.58603603466688 0.16252865260085272 0.23580320157400075 0.9581133999747642 60.060140689615054
-0.12170493097414403 0.9701682447763293 -0.20966994683119272 392.5011695187244 -0.98127584169205 -0.08583449451407188 0.17242436621044194 -257.1420126166539 0.14928373082200774 0.22672894914220837 0.962449142205827 60.30449308408928
-0.012055402466505827 0.9794801406602651 -0.20117982335094536 392.14149450564264 -0.9770404838437983 0.03126106327932554 0.21074780865509007 -258.88077487717044 0.21271238845362772 0.1991014815986888 0.956614885846734 60.50525676935189
0.20386292048071886 0.955068178535523 -0.21513875522999273 392.03891640633384 -0.9481241373637744 0.24736117194314422 0.19968242477272055 -260.345981326012 0.24392730433731905 0.16327040443311477 0.9559509638234464 60.918033330933426
0.024102200524850903 0.9671603528946308 -0.2530216111690732 393.2798718733965 -0.958746200803425 0.09406948500350665 0.2682473754506728 -261.12918885397465 0.2832398389613634 0.2361181563961331 0.9295285954962506 61.29219570478679
-0.12258944729216825 0.971433110870548 -0.20319827390253672 392.69291153373615 -0.9712496250823529 -0.07532830325936035 0.2258313806924419 -262.5291067617087 0.20407349947994094 0.2250407914855338 0.9527384997876254 61.61735002834356
0.15471064291336978 0.9715014925474911 -0.17958136581318696 392.60136041709376 -0.9519578754693284 0.19521199597803696 0.23594168762258647 -264.1405548466479 0.26427413854037085 0.1344512052912458 0.9550298702629547 61.89914205612157
0.2209130765631403 0.9535001021051731 -0.20502431048251962 392.8377541407958 -0.9406217121888035 0.2638521158496052 0.21357166366512742 -265.69132257973035 0.2577367012328899 0.1456695446794249 0.9551712812843972 62.29722088466802
0.21517694006444676 0.9545441987115566 -0.20626259275645117 393.20520442968234 -0.9369831852552521 0.2613255082328503 0.2318868027632541 -267.20800274775706 0.2752478792169402 0.1433678885000216 0.9506230869980079 62.64459640308547
0.2177991109028793 0.9558292496411617 -0.19736765900301106 393.4517075824446 -0.9392675750034397 0.2602249334772295 0.22373959538697893 -268.66733078491194 0.2652168355083683 0.13665075750681008 0.954456180573913 63.085146494429104
0.2358035628311278 0.9523107539733673 -0.193651510768243 393.7375379699581 -0.9319108204440423 0.2780959104864318 0.2328194306969126 -270.10608192469533 0.27557014079079456 0.12556628702561481 0.9530447025544723 63.41394412382631
0.055794074671993266 0.978648793186183 -0.1978220433286542 393.917637426601 -0.9715179822014649 0.09891468966386208 0.21533391378948225 -271.63028651463793 0.2303037808866593 0.1801733159042419 0.9562937544214016 63.85793395146061
0.05299683882613471 0.9780640248265929 -0.2014499898596244 393.92230609912286 -0.970373515945998 0.09806098043711609 0.22081504402171914 -273.1936868403381 0.2357256342128258 0.18377923564896442 0.9542843485666332 64.26862743571216
0.08029760066460945 0.9739581776223054 -0.21203245876550203 393.9620369183066 -0.9595256167338995 0.13313374096630692 0.24816526317707283 -274.6744886705216 0.2699312619148372 0.1835235005631532 0.9452281410231658 64.53560756034796
0.10263888278071298 0.9764578956386184 -0.18972410966065448 394.13074218626303 -0.9580090471290311 0.1483736409582972 0.24536488804982734 -276.17605239187446 0.2677385391766621 0.15657343553035838 0.9506844029044379 65.03861981520437
0.11034235980565232 0.9756087999773724 -0.18976836680340453 394.2780019446679 -0.9582553541925485 0.1550995183499373 0.24018912458504685 -277.7834953784768 0.2637636058932954 0.15534351873936994 0.9519964030351361 65.44524361894683
0.10682629242879282 0.9752675847462149 -0.1934974971135345 394.3861762980042 -0.9652210718944301 0.1484257424600346 0.21521635938319092 -279.4043001962039 0.2386135486867528 0.16377709582988628 0.9572045953006301 65.81503474656186
0.047756826061336355 0.9775918693430421 -0.20502054179746007 394.4021237144318 -0.972478281584491 0.09236669814282294 0.2139027464074929 -280.8836392636671 0.22804665621539563 0.18916270792249046 0.9550980015267584 66.1691934356901
-0.051493534943426456 0.9765755941482425 -0.2089222936238187 394.45105140939035 -0.9712106143014619 -0.00024689407231304195 0.23822233671823012 -282.438681253261 0.23259053834411847 0.21517445935176432 0.94847329615307 66.536383938447
-0.0744099683184285 0.9706565851232464 -0.22866777291898469 394.37104389353567 -0.9681200245256384 -0.015316133277136545 0.25001806769494545 -284.00496957926856 0.23917937772167522 0.23998168642276618 0.9408517499874023 66.8542570302973
-0.081248765134184 0.9685007292495035 -0.23538261534648197 394.15395625469324 -0.9676577152664795 -0.020061769106917593 0.25146783393817446 -285.6544456798683 0.23882458887105146 0.24820125475807012 0.9388071968658382 67.29061591922319
-0.09076096206230377 0.9688485098451497 -0.2304235507415812 393.95631562445664 -0.9570181212908847 -0.020853147394511273 0.2892774822978943 -287.2049436701385 0.2754610013892907 0.24677461622820077 0.929098232427031 67.67572388156877
-0.0641457748558627 0.9822148062141854 -0.17646357704005528 393.7601045820046 -0.9618754031582953 -0.013745011674535013 0.27314242338592193 -288.6814258691489 0.26585903852833054 0.18725690670225603 0.9456499471395821 67.95642638745784
-0.06235861524201103 0.982191789770598 -0.17723061590009895 393.6820532813157 -0.9652770536970318 -0.014217502309641805 0.2608410861694394 -290.20200969975053 0.2536761965795695 0.1873423356727062 0.9489737807514066 68.25410673329382
-0.05665263003897092 0.9824572178689807 -0.17767468746788082 393.4810635537337 -0.9715442796442956 -0.01325535554972923 0.23648680352124632 -291.8566371388634 0.22998302589563815 0.1860164256359957 0.9552516407698519 68.60227121636115
-0.06966296040074416 0.979427630576099 -0.18939004306534413 393.2695921628747 -0.9608473576507556 -0.014840230174261837 0.2766805429804129 -293.46438670555216 0.26817797680601135 0.20124930815399952 0.9421142652161525 69.12540879915616
-0.052983882300409624 0.9777681596359521 -0.20288453420233665 393.2161072202596 -0.9734637023257487 -0.005279213047318931 0.22878057208567004 -295.0025978987606 0.22262328824860567 0.20962241271324927 0.9521015258981861 69.60878434076737
-0.2193005064764888 0.9546699034602225 -0.201277577704038 392.96919613244364 -0.9549458193593569 -0.16774607781481476 0.24482592890834257 -296.5397912694015 0.19996442170356774 0.24589963156742553 0.9484448330017735 69.59967675911153
-0.2994649756143972 0.933691093656529 -0.19632032499653096 392.4982865071898 -0.922837671140776 -0.23120581092534187 0.30808197889169736 -298.17082904017275 0.24226299986530697 0.27343155381343626 0.9308833569655396 70.12830800524898
-0.2873879091860856 0.9365468065572141 -0.20071937819038418 391.95501141307426 -0.9370084531067179 -0.23146125512704474 0.26161201459712946 -299.51790071766465 0.19855313762367457 0.26325988395974287 0.9440714406427603 70.57548145545908
-0.2907066792980104 0.9385333532118106 -0.1861310600639186 391.3708277160939 -0.9347176035840837 -0.2370045121075104 0.2648242111112732 -301.0218693871543 0.20443245378743297 0.25096614542538476 0.9461624414912979 70.76088438651037
-0.28878919387935786 0.9346948170664968 -0.20723513323647208 390.89709846776026 -0.9409068760413548 -0.23709125029360822 0.24183049777129403 -302.45540884524445 0.17690407603164188 0.2648269963263588 0.9479301714262237 71.11558441269098
-0.24610255591030983 0.9509781065778706 -0.18728099952739855 390.3469947327249 -0.9388965517629209 -0.18593185746787522 0.2896594715631495 -303.8736972436566 0.24063831170890101 0.24712342096230835 0.9386283704159892 71.40809782048153
-0.08883518832981396 0.9747343695873762 -0.2049419870585498 389.93059934896405 -0.9674343765372724 -0.035475199948039826 0.2506236965703476 -305.52337060858196 0.237021172911505 0.22053212676103884 0.9461429831996364 71.67280492133892
-0.032633500741454435 0.979524903474029 -0.19866056001016474 389.80259529716335 -0.9541513110716431 0.0286402980436683 0.2979513532579351 -306.9991039874368 0.2975404681881483 0.19927542949938556 0.9336803376896254 72.11800852820936
-0.12536113759356216 0.9739086854697819 -0.1891730888571878 389.6582766321544 -0.9569139553833493 -0.06835660654975517 0.28221101384176206 -308.58243351597224 0.2619165271109123 0.21640066244705317 0.9405160743542001 72.50012453089217
-0.12898452804678384 0.972633622383926 -0.19325327457218033 389.3740512740892 -0.957810603091747 -0.07172175609796994 0.27830709352664157 -310.05597136084333 0.2568303722879596 0.2209973445780411 0.9408497933038422 72.79023241599191
-0.11109709973477666 0.9732204135960428 -0.20124477879057806 389.135642695442 -0.9578525085381956 -0.050881645909431006 0.28271828734030163 -311.63633628783015 0.2649075429609492 0.2241719979602602 0.9378544178138193 73.17544490578051
-0.10116302413949918 0.9752346529408564 -0.19668099615946288 388.9417354317717 -0.9650794733086945 -0.04818049997294804 0.2574883485141999 -313.1395342840667 0.2416353714694196 0.21586109219978553 0.9460530302943653 73.57945285039688
-0.10567668057565283 0.9753748759809744 -0.19358793993327766 388.7018911866881 -0.9547426997482971 -0.04509045564256753 0.2939952858249237 -314.66297049782355 0.2780266470319785 0.21589511832147695 0.9359970520386862 73.96123369097424
-0.09490839140079466 0.9773101626684106 -0.18936008868491355 388.49850317102846 -0.9544282143034779 -0.0352666675657467 0.2963495333221928 -316.280912139364 0.28294731131994866 0.20885666880387577 0.9361194960649843 74.38167559425753
-0.08721954995603265 0.9758470525197341 -0.20028799313492027 388.3143642359858 -0.9625065581082476 -0.030710654701800344 0.2695143433778635 -317.75138933673816 0.2568538021989965 0.21628542663881345 0.9419377572427943 74.7780152064437
-0.08330960005016785 0.9774561447629779 -0.19400772047673082 388.1248113175986 -0.9596922304480939 -0.026255457791928727 0.279824004963296 -319.1861645892954 0.2684219315872746 0.20949972792639254 0.940244399420557 75.22251544926166
-0.0728005980557811 0.9779268004564532 -0.19585516554771912 387.93806905964345 -0.9562862906935516 -0.012677557992659683 0.2921571661878416 -320.7878133648261 0.283225357541107 0.2085628261995571 0.9361009263820678 75.674140676047
-0.0650162461255186 0.978007327581316 -0.19817808894274513 387.79202226579974 -0.9570452773271251 -0.004879482813286096 0.28989744357845143 -322.22573082476663 0.2825548174878506 0.20851344763522436 0.9363145397085746 76.11891076874302
-0.0520404208818428 0.97745737067941 -0.2046188727828777 387.64946421086916 -0.9617102819449216 0.006156331558669015 0.2739989656607477 -323.8284413214446 0.26908201016764494 0.21104309532944815 0.9397104254598354 76.53859450244033
-0.053354885638162264 0.9780936022196727 -0.2012117329468729 387.492944926867 -0.9525515370658446 0.010616316221853328 0.30419214826056046 -325.27566915188316 0.29966452144362343 0.207894682776695 0.9311181318507021 76.95453660124005
-0.08555607786588193 0.9790040881607148 -0.18501662872513663 387.3441574901022 -0.9407906558046156 -0.018245926874967955 0.3384967180094884 -326.8573018899608 0.32801387088190176 0.20302236703644555 0.9225989480765681 77.30315701811219
-0.07128008081556891 0.9733590008870666 -0.2179252290834102 387.1335858900544 -0.9671674792337123 -0.014013899910091832 0.25375318268352076 -328.4147576696373 0.2439389620204863 0.2288577418429204 0.942400083195522 77.79413299934875
-0.07523425739838063 0.9754432506842856 -0.20700307052840541 386.95068833932754 -0.9588059727704574 -0.013739614243123643 0.2837293244980979 -329.88645260051845 0.27391771226667877 0.21982194543521788 0.9362945045292453 78.14037999141948
-0.09368692087292185 0.9715725494092439 -0.21741559762761534 386.76949453165895 -0.9539130279067526 -0.025067020410471264 0.2990344121961753 -331.42227423296305 0.2850836649952465 0.23541118436081854 0.9291441643957705 78.59049016548434
-0.08142785312621403 0.9762179831704231 -0.20091777937735467 386.6129550708545 -0.9531680177346712 -0.017361695508583574 0.3019425466820216 -332.9319187820227 0.291273470647454 0.2160949348405438 0.9319134854873857 78.96771341067574
-0.16665046007089734 0.9646408969113539 -0.20419491708712167 386.3770436731948 -0.9535996819207296 -0.10501334739780854 0.28216988412832095 -334.4460355509621 0.2507494183419797 0.24174394899224555 0.9373817751198246 79.46318083523153
-0.19268273971365235 0.9609994853737408 -0.19837679029525354 386.05074920451864 -0.951596647340737 -0.1336661487831894 0.2767619580783095 -335.91498594696367 0.23945183771754733 0.2421019408862232 0.9402390481323423 79.72953079266271
-0.09516655852146405 0.9777040078294562 -0.1871849331901447 385.6828598103348 -0.9694794199679372 -0.04834856303642532 0.24035821332116908 -337.67114825011475 0.2259490659370216 0.20434600443006223 0.9524650807644637 80.22816866310214
-0.050344944439281614 0.9734229651985629 -0.2234124378664793 385.39905948712925 -0.9669819254218288 0.008446077772526817 0.2547049659463933 -339.22354193700727 0.24982262202790723 0.22885889669029308 0.9408571958213442 80.63397849869989
-0.022370146809217673 0.9695198517974253 -0.2439894126851248 385.38634317152923 -0.9572028989507471 0.04966835366116684 0.2851239465300572 -340.9151723111001 0.28855187882254324 0.23992563767819267 0.926916124367622 81.00880050484591
-0.04579025681550686 0.976005851770801 -0.2128751504753973 385.25683285243997 -0.9685671957636841 0.008779862553275342 0.2485970661613259 -342.54954585608766 0.24450120586868884 0.21756721104683654 0.9449252187374715 81.54760637434687
-0.05764125618549465 0.9824762469881586 -0.1772509793750685 385.097336421457 -0.9604259363668982 -0.006108383982351251 0.27846850521897626 -344.01198223286 0.2725059748686715 0.18628771228716862 0.9439477643978442 81.8546396520625
0.008303511844675482 0.9839151178716301 -0.17844352752258047 384.9186381491396 -0.9559745780786766 0.06015760852512586 0.28721710987306154 -345.5436479071248 0.2933319923880482 0.1682025652604451 0.9410973590874984 82.34485845754543
0.02644177024747263 0.9812547450017045 -0.19089253049247346 384.96012564014666 -0.9475062929441583 0.08547022063541843 0.30810171407467346 -346.99387741640805 0.3186418955777768 0.17272511918123815 0.9320050298074728 82.75882045579908
0.028236321278855003 0.9816025018041319 -0.18883653939983788 384.97931808958367 -0.9543777095236985 0.08265254462171023 0.28693508748819 -348.5326335171421 0.2972640202327492 0.17211939263030604 0.939153351139013 83.16170850517159
0.026947587983646493 0.9801517181020741 -0.19640885164222144 384.92959510307145 -0.951993168649767 0.08509765065824937 0.294053390894618 -349.9709894308738 0.3049308681423383 0.179055855402718 0.9353909163018213 83.66856208435841
0.032629895767349204 0.9825263901056018 -0.18324077779868336 384.9245217171147 -0.9519641969558146 0.08640227232679465 0.2937665996178552 -351.66720103815135 0.3044658562408645 0.1648530863612233 0.9381492430848603 84.21366681514021
0.02665111326827463 0.9811283746646537 -0.1915119593901543 384.925813012752 -0.957912327398001 0.07984251432716316 0.27573383166536053 -353.21496662934777 0.2858210824633239 0.17610305316436536 0.9419628567441938 84.63024373953517
0.014292976597395257 0.9843296073746192 -0.17575817154748197 384.88905926332166 -0.9474468225411358 0.06951506136281993 0.3122693944344029 -354.70341766405386 0.3195938504988661 0.16205826202156803 0.9335935359854722 85.07428687764214
-0.09724741643427826 0.9801234286271984 -0.17291906966243767 384.80768302419847 -0.9524004741258615 -0.041207015179102635 0.3020518478421597 -356.22110042859106 0.288922614001902 0.19406196576375828 0.9374772938915448 85.53802003824956
-0.16272732136275136 0.9716040743116079 -0.1717711898520436 384.5189500587916 -0.9490800828769093 -0.10654114955938843 0.29647256152454027 -357.73020998710666 0.26975324867082157 0.2112688008950849 0.9394672312539117 85.92406585630034
0.042115823599894076 0.9776817976088916 -0.20582652896735407 384.2367471930235 -0.9346329944135474 0.11136148167198656 0.33772738436997657 -359.20692981231156 0.35311106348579435 0.1781485981535253 0.9184637466007383 86.3130380878603
0.017421804967001076 0.979576162177719 -0.20031730630393121 384.3747946388427 -0.9564172659733794 0.07473402836364296 0.2822779452110071 -360.65170891122796 0.2914832654882573 0.1866691391144059 0.9381855565092594 86.81582732063093
-0.12242675488881294 0.9729686117743301 -0.1958156535860382 384.1587982644969 -0.9443066621075287 -0.053473925955080936 0.32469288126210605 -362.1904013849612 0.3054449501738931 0.22466112201465419 0.9253273813458589 87.23437485345357
-0.12977064126172233 0.9704578467793485 -0.20339898792991173 383.85514173320735 -0.9594813130303665 -0.07116031382928689 0.27263862470538147 -363.77784346387244 0.25011035686681554 0.23053801716877065 0.940370688626483 87.63914651590146
-0.09582545051051827 0.9741924727389755 -0.2043685619002522 383.62076475961925 -0.9569178682908683 -0.03362385341826801 0.28840532211969916 -365.24276730166105 0.2740906353382341 0.22320049852101098 0.9354442052200951 88.0077968094332
-0.08471764494371059 0.9779192540997137 -0.19104149574438317 383.44319168197 -0.9545741495526321 -0.024684701137864362 0.29694925245840204 -366.708205849035 0.28567658924220735 0.2075201146655285 0.9355876700599175 88.4627587934269
-0.08026984675711812 0.9773330139622699 -0.19590031016058634 383.26106889090227 -0.9499197795267192 -0.015457587867919065 0.31211131898925776 -368.1750232275339 0.30200854982185094 0.21114270718338995 0.9296287393566164 88.82408856929376
-0.026875935529926176 0.97895038878331 -0.2023210824170282 383.1138556800512 -0.9597240717928204 0.031352379526989216 0.27918942372411815 -369.68564914605474 0.27965584226116363 0.20167588997944763 0.9386796286754053 89.29595108021898
0.09376344072537313 0.9729314118698469 -0.21121762469141944 383.1229959206693 -0.9416756898738314 0.155536732129109 0.2984212124820233 -371.345781964125 0.3231954707046225 0.17091750277705237 0.9307695176360653 89.83728573164173
0.43104992407837894 0.8811153087856689 -0.19450392174853204 383.1418749628453 -0.8302431924072973 0.47171459519262193 0.2969538384052316 -372.86424448256173 0.35340091173250143 0.03348362742888211 0.9348725272895982 90.32615604874866
0.9503908225853948 0.24899524024001893 -0.1864367310464113 384.4767057956241 -0.19134365909776155 0.9405254609245548 0.2807124177440916 -373.710083949143 0.24524454829523992 -0.23111301930109662 0.9415104268360466 90.73165781596468
0.9535945118351753 0.22725623377014317 -0.1975148379500736 385.91502463468123 -0.16692733115348332 0.9449752461656833 0.28134862759231927 -373.29334260463537 0.2505848620962749 -0.23532188242217567 0.9390584851549314 91.04552443140264
-0.9592259187698964 -0.21610007347425159 -0.18217133420072526 384.42418342818405 0.15587275681618928 -0.9421207609110349 0.29683691741920276 -373.1247633549373 -0.2357738756575257 0.25633811676150803 0.937390766677693 90.52766687430726
-0.9802583573843848 -0.011725859190133938 -0.1973728882200415 383.236857027479 -0.045471340089518725 -0.9581134651859997 0.28275598147473335 -372.1664205285621 -0.19242117869021375 0.28614872366573574 0.9386655410400124 90.19231397341423
-0.976800471571625 0.1106345621114393 -0.1833598440331487 381.7852378131807 -0.1564470495602393 -0.9533369750498966 0.2582110235574936 -372.5678504492504 -0.146236655532553 0.2809067561827635 0.9485284576171297 90.12754404613928
-0.986445233313586 -0.045651722984994286 -0.15761256885605843 380.0244246362745 6.208548070758477e-05 -0.9606240201814935 0.2778515574830172 -372.88410056163946 -0.16409082185880322 0.27407555899577524 0.9476058200237353 89.50447045479724
-0.9835413622543916 -0.059100353302738017 -0.17074406863568514 378.4710571571259 0.008638102723377748 -0.9592916080544744 0.28228530584782724 -372.70911756527016 -0.180476513475068 0.276164369453687 0.9440134899079202 89.48188428758081
-0.9934892671677349 -0.07398177069651812 -0.08663586801738096 376.8481896733653 0.04673539354503733 -0.958187203919463 0.2822996373274185 -372.3907898312714 -0.10389840717117721 0.27641269842322613 0.9554062702001086 89.09902102396522
-0.9899297475080922 -0.071207204448937 -0.12234634867102753 375.26639787083155 0.033752507801498716 -0.9580771941101478 0.28451512849607213 -372.35530455391984 -0.13747677336799521 0.27752049322634526 0.9508325365824052 88.84046955742919
-0.989262355897893 -0.06878194724130265 -0.12895361544774578 373.667892358867 0.028880634279201654 -0.9569359762784173 0.2888588691172615 -372.1444938258623 -0.14326862938892607 0.2820329431782161 0.9486472045999248 88.53149770406006
-0.9870817466671489 -0.07181243137569546 -0.14322220531901278 372.093901278479 0.027071050663133436 -0.9558259489901841 0.2926839822282867 -372.0819926159437 -0.15791384870404648 0.28502584082311727 0.9454223852070304 88.30889628298148
-0.9919416679603019 -0.07496246429417705 -0.10213890694088443 370.5803751091614 0.04268632562237793 -0.9567831986434474 0.2876522004061051 -371.99476931824813 -0.11928790789092891 0.2809742688228905 0.9522729940990909 88.0939615242669
-0.9900131620636217 -0.07115778117136451 -0.12169843515656872 368.94302816984805 0.03592334351743755 -0.9621024744566065 0.270311564745209 -371.8414509270643 -0.13632113677386035 0.2632401922641058 0.9550503383829771 87.87707206409341
-0.9831343671285275 -0.07924018094521454 -0.16482660554218656 367.3823996751118 0.026449729100331602 -0.9533905122856281 0.30057768199629703 -371.9777238715109 -0.1809619518056461 0.29114863009727115 0.9394068592421355 87.27884048432885
-0.9873966137416013 -0.07941944209335519 -0.1368958706068194 365.7840254058946 0.03400493653263723 -0.951235618330615 0.3065851638787884 -371.7808372525816 -0.15456905079293898 0.29806601724576465 0.9419474814978898 86.88266703511702
-0.9904618680975514 -0.0741928668585916 -0.11610644405893572 364.22766559668355 0.03494980812121218 -0.950370915457369 0.30914985680897816 -371.7133912419328 -0.1332809016963718 0.30214324675561516 0.9438991787701574 86.66129217663567
-0.9922801869929305 0.01598860205919949 -0.12298127949191402 362.7201769290144 -0.05190123139452724 -0.9541741193716815 0.2947168337591331 -371.6258405419065 -0.11263344388327763 0.2988245547565817 0.9476379017290957 86.39029934246622
-0.9919429389518619 0.0253669528146494 -0.12411979523203753 361.09930073580745 -0.0615248054460288 -0.9529107153360534 0.2969442151525439 -371.6941309268402 -0.11074251296756762 0.30218816373682034 0.9467937523658448 86.17192636197882
-0.9918488276538762 0.03305869806316039 -0.12305700127989579 359.46746355182665 -0.06885604516621215 -0.9516634994978475 0.29932495513668617 -371.8133223980647 -0.10721356316110396 0.3053583242780184 0.9461826175048982 85.98559252501768
-0.9891287128697317 0.03529970686604711 -0.142752653466892 357.87709596863016 -0.07726939260032671 -0.9507075875654869 0.3003073823811003 -371.93099126225826 -0.12511526822831812 0.3080730654253678 0.9430997593126472 85.78583864912314
-0.9879231177823709 -0.08286648910202025 -0.13092386465066308 356.23967598627473 0.039358590845740254 -0.9514661567722997 0.3052262338718405 -372.0032751718777 -0.14986265271173466 0.2963870737749112 0.9432369203022893 85.59149582642723
-0.9885600213469612 -0.08223622447347925 -0.12643689168451436 354.5691541501673 0.03878858702925489 -0.9487040692147408 0.3137770459604473 -371.7604357578111 -0.14575503322619085 0.3052831348760332 0.9410407418648216 85.28921973082022
-0.9882084076762716 -0.07771549817247694 -0.1319259047409993 352.85956402464967 0.036622307829629074 -0.9565743144981644 0.28917881563420006 -371.6810782536681 -0.14867060761011025 0.28093750583745575 0.9481409010514577 85.02970565294626
-0.989447534631881 -0.021772017734780477 -0.14324648496437464 351.36737630549914 -0.02248430761486435 -0.9535976395839978 0.30024323088274196 -371.64436450192864 -0.14313641088825918 0.30029572261952675 0.943045304773023 84.7607142360518
-0.9923589360726583 -0.0082707305015488 -0.12310701447810807 349.8175946041049 -0.029614370526794505 -0.9526193628765895 0.30271990111471514 -371.6264841299531 -0.11977784041734968 0.30405253573942104 0.9450954049488253 84.50257158490835
-0.9916462994355255 -0.001363781147815435 -0.12897967637115643 348.26112986166277 -0.03794930751422724 -0.9526024876809438 0.30184159839768193 -371.6679864530994 -0.12327800645296792 0.30421479346846 0.9445929771917236 84.32845004439162
-0.9684835338305791 -0.21675187578460584 -0.12271213893860272 346.7187626105316 0.17424246272508145 -0.9416268537796924 0.2880597723120234 -371.7414095922964 -0.17798654129605063 0.25759948094825613 0.9497174835353186 84.12354921294022
-0.9621123682267279 -0.24418097765907698 -0.12130721765259436 345.33976955113064 0.20020182596583663 -0.9347121898666326 0.2936534539123771 -371.1970332398006 -0.1850919225279737 0.258241693504711 0.9481836361964477 83.77104366408231
-0.9660401288429503 -0.1921789923639508 -0.1727243594837529 343.75350861570354 0.13893012524679782 -0.9499263360050141 0.27988993633747966 -370.9074563862887 -0.21786438388136145 0.24638829326505324 0.9443664115045224 83.40351271086794
