0.9999999838532555 0.0001794971265481113 -8.61802040580434e-06 -0.0013101671404867595 -0.00017949704030460374 0.9999999838403354 1.000707621350199e-05 -0.0007973740904076437 8.619816507965491e-06 -1.000552914276416e-05 0.9999999999127941 0.0008432108366740344
0.9846594010576656 -0.17446948972475074 0.0025022118104388313 1.5176360559685715 0.17448239972782653 0.9844208451579399 -0.02171386201821607 0.19037719298838157 0.00132517696107543 0.02181735029081811 0.9997610950283621 -0.054570404637959265
0.9104089940923541 -0.4137016865936538 0.002525467345679284 3.0607656873254907 0.41120186158045147 0.9055451410009245 0.10440798169865624 0.28019773221453637 -0.0454806828062098 -0.09401548871958258 0.9945313445901537 -0.17066036191280592
0.8408027578980185 -0.5409557991719292 0.02043393386858197 4.414511145384651 0.5397761272609298 0.8406424060678249 0.0442953446728967 1.077148894401923 -0.041139454909838453 -0.026213898274725714 0.9988094797242183 -0.23755627787479372
0.8589538160648615 -0.5120524884768463 -0.0007687081899605663 5.889775592152972 0.5118189002226838 0.8585146475391399 0.031527977029757175 1.8179732405944928 -0.015484031853963564 -0.02747451556289301 0.9995025741598317 -0.21563555872807094
0.9631345648707849 -0.26897967988261007 0.00466280617358846 7.250702586603964 0.2690064473574565 0.9631156068502894 -0.006622621951974249 2.588018492077084 -0.002709470664875345 0.007632801035491874 0.9999671990205823 -0.31316178178516196
0.9792903196770761 -0.20231749479540237 -0.007622406869380899 8.74060911962368 0.20232858021114056 0.9793174406336866 0.0007043439711493155 2.7855573298072165 0.007322254879073559 -0.0022319879923429166 0.9999707009773275 -0.2811513236399689
0.9817975931635291 -0.1888396405578725 -0.02032427642684793 10.44640647616474 0.18837617945561186 0.9818339651316581 -0.02272619474423846 3.106699793477952 0.024246671359354193 0.018483913758169594 0.9995351138705293 -0.2823275259675575
0.9839300730978277 -0.17839854744685504 0.00745449680096847 11.94231644470406 0.17845841777869528 0.983912190526731 -0.008330333535612713 3.3688285260345237 -0.005848450874214263 0.00952678338906188 0.9999375160581934 -0.2537753541402089
0.9914071544935965 -0.128332975282819 -0.02534761278640148 13.550784827206396 0.12868499676503897 0.9916032230863056 0.012775741560963491 3.5049208579616056 0.023495225610576546 -0.01592781905691993 0.9995970582957906 -0.29131785187303266
0.9998971967569171 -0.010454377773998819 0.009813353301368224 15.327575113504864 0.0104520634470302 0.9999453344796718 0.0002870923832696512 3.6124343154784846 -0.009815818221534578 -0.00018449307790756268 0.9999518066761748 -0.24313287262846417
0.9999760701789652 -0.0057262706146306115 0.0038818673703984283 16.894011740244554 0.005709770958224394 0.9999746749816555 0.004248283292930785 3.495648069911531 -0.0039060958818189976 -0.0042260170586967 0.9999834414602982 -0.26776480643905315
0.9999978256171553 0.0009800293105744478 0.0018407345033668034 18.403061891993623 -0.0009715831925851967 0.9999890225568534 -0.004583753035326781 3.5315153529520433 -0.0018452065091354994 0.004581954641787334 0.9999878003778843 -0.33484186217685125
0.9992953791501951 -0.035844197907863924 0.011132775278863704 19.915086270506656 0.03574374696682226 0.9993196046337303 0.009094632892905413 3.515571550836719 -0.011451190411462916 -0.008690297522341553 0.999896669144934 -0.2513210260855156
0.982017187057577 -0.18795252898106035 -0.017778953094810236 21.456094985004405 0.1880179623089036 0.9821634119259586 0.0020683624361976212 3.5291066807154574 0.01707308328133763 -0.00537392999428214 0.9998398025202263 -0.30425727825245014
0.9688563155953432 -0.247623563755304 0.00010200068389507592 22.95123053247473 0.2476231496014856 0.9688537585324993 -0.002273842318583428 3.7595408585128287 0.000464233192380622 0.0022282842216351175 0.9999974096151303 -0.31796020930848723
0.9679084107660025 -0.25057220528903457 -0.019154067584231303 24.457365866192177 0.25025251647843194 0.9680202855906967 -0.017618305285075693 4.139381513464899 0.02295618358184796 0.012259552255116032 0.9996613011484743 -0.23409551187436942
0.9685742716279366 -0.24871988034186268 -0.0015170573955736364 26.018095245382835 0.24861515497850242 0.968311272644373 -0.0237441357991837 4.479755561065628 0.007374622392176374 0.022620795577617345 0.9997169172080707 -0.1911044464802941
0.979929729590163 -0.19932865592493315 -0.0024108074393479487 27.59528474670961 0.19918805856200072 0.9795724020658793 -0.027604826338601902 4.779356309738405 0.007863993365395072 0.026570585955959028 0.999616007059864 -0.1934437504497806
0.9786139105783734 -0.19273421783904096 -0.07189113503399719 29.097323740672188 0.1911474078548552 0.9811503876457965 -0.02840044529356463 5.00562248720371 0.07600975261683829 0.014051266721410518 0.9970080638644057 -0.11952053118896458
0.9883920905983594 -0.14959793882499578 -0.0264864482692051 30.6194910805053 0.14840443416351867 0.9880166459761357 -0.04241734544585646 5.193857805293061 0.032514599231888396 0.03799426237447018 0.9987488357256842 -0.08613991931087459
0.9989604594279965 -0.023712998815668098 -0.03893191732466179 32.21323250727145 0.022386947133325303 0.999165935089714 -0.034150530806227944 5.2634496705206715 0.039709257075093644 0.03324346316895321 0.9986581232128834 -0.1122028532147912
0.9962040058164381 -0.07490079445100904 -0.04435594420018359 33.82316606942321 0.07389797214647072 0.9969809420517655 -0.023834657501497998 5.278098079486626 0.04600726581662449 0.020466366951219547 0.9987314250167041 -0.06672326783511136
0.991005580013546 -0.13365338760225726 -0.0066867304757985465 35.40810359372343 0.13349175668183755 0.9908363763686983 -0.020572461266079378 5.313735327056105 0.009375034933922105 0.019494800511624878 0.9997660033592859 -0.10102108578963923
0.9826430239263703 -0.18460354727171432 -0.018281626392057965 36.992319800541125 0.18428707900222932 0.9827128040288222 -0.017714889518023753 5.558711760852667 0.021235819778500295 0.014038345077309992 0.9996759299021986 -0.01871036996940127
0.9810725314234425 -0.19146605524359062 -0.02893851716755233 38.585129473716705 0.19107916814529752 0.9814503973316911 -0.015616308090159162 5.755468384737875 0.03139171207977554 0.009791183121766524 0.9994592003407525 -0.03917451820603371
0.980527013948912 -0.19506347113971123 -0.02273801098067228 40.18496034098066 0.1945890718545611 0.980649091577429 -0.021504704209635326 6.0879476476712755 0.026492792061438102 0.01666137495198049 0.9995101452979349 0.027277095576363996
0.9785717877550147 -0.20124827057151856 0.04354755793299061 41.88505460505695 0.20092424232845285 0.9795364397604884 0.011739336696939865 6.270571875972984 -0.04501894106586115 -0.0027380236156419515 0.9989823813120974 -0.20123039250705801
0.9804037350437473 -0.19586337130798276 -0.021120040060116183 43.44627007620251 0.19571697177204866 0.9806208544454076 -0.008809471444866136 6.515057963767808 0.022436204506305256 0.004503288424037704 0.9997381342735312 -0.009881741823551657
0.9804401082180513 -0.19504118638270002 -0.026384272053720754 44.95487096751233 0.19471785928953905 0.9807544821148566 -0.014338796508727946 6.814478747984283 0.028673148956386795 0.008920842227520528 0.9995490328657601 0.059673622239923986
0.9809002540950745 -0.19080203174630606 -0.037805769370558955 46.4314298366321 0.19013151989510418 0.9815417567537565 -0.02063455575308002 7.073955657997234 0.04104505644527589 0.013052372590107025 0.9990720388996848 0.11230527131092513
0.9813684120530453 -0.18880603557204093 -0.03561349120843879 47.98569034122602 0.18852086555991335 0.9820049431540452 -0.011232758768960138 7.2581336275628 0.03709343706136446 0.004309588447844084 0.9993025089403033 0.09652076262292701
0.980414860266707 -0.1889305884461348 -0.0556051662852528 49.58168512130027 0.18852668526172134 0.9819888985654097 -0.01246964468304344 7.531087640112751 0.056959553302683465 0.0017423672663159856 0.99837496635476 0.15390676427618571
0.9737200950330995 -0.22536672499572297 -0.03284837581120062 51.14647503662145 0.22507920488061678 0.9742634499530065 -0.012250780219023262 7.741619319361871 0.034763890159776864 0.004535344569892226 0.9993852623441029 0.21534297018721346
0.9735030289428578 -0.2265852088685709 -0.030838219161740524 52.693098584874356 0.22615090015622005 0.9739447014629845 -0.01695549617997849 8.135515810411759 0.03387658479854215 0.009532135865795703 0.9993805658447753 0.26367529323731204
0.9774820866665661 -0.20918323477119505 -0.027769489311741672 54.18971103896819 0.20847927518147152 0.9776749336482499 -0.02623196400764806 8.282725845316348 0.0326368207058242 0.01985191191168656 0.9992701033893021 0.29696767235692706
0.9796790943561215 -0.19906748520277848 -0.024515473004023788 55.89504550711341 0.19839412579696172 0.9797393230196388 -0.027397623588171795 8.482393423937046 0.02947274895269818 0.021977153229237743 0.9993239523823643 0.3226755114903421
0.9815507037058427 -0.1879235344536014 -0.03525565561766019 57.50519510398406 0.18592232296903563 0.9811131887135971 -0.053383525118103 8.76634483527566 0.044621809425017554 0.04584382325574082 0.9979515208630797 0.3627949596374579
0.9805850815829393 -0.19286999665508128 -0.035412740182723536 58.99966007004591 0.19128680322656846 0.9805606375613956 -0.043705777381822845 9.042897350209476 0.04315387222880734 0.03608324341655431 0.9984166178786296 0.4150746518350973
0.9821154575535322 -0.1862277516472239 -0.027720976729469878 60.478455556327724 0.1853811704090764 0.9821928404567095 -0.03051304333136553 9.293584836774734 0.03290972032966689 0.02482838440174292 0.999149889473958 0.4396873056497665
0.9831457700698384 -0.18141343643868396 -0.02266185944030143 62.04230117611816 0.18077910206803716 0.9831399474932178 -0.027472893886652437 9.477814867469487 0.027263731389129558 0.0229130688154301 0.9993656389071023 0.5007829794299218
0.9994773891804756 0.030712290581374396 -0.010084826435066224 63.69809450152577 -0.03097067575369758 0.9991675765469292 -0.026551294143519016 9.609383535545204 0.009260980527974225 0.02684975203947999 0.9995965811541568 0.5299676152514369
0.9966464531624167 0.07646563955902215 -0.029135088220294286 65.34879216227247 -0.07703484979548737 0.9968484647681396 -0.018941230329361205 9.422391846680428 0.027594914672115313 0.021122127171118884 0.9993960058095118 0.5170964369281233
0.9954755798453141 0.08911850275839368 -0.032958495076957056 66.87083684262241 -0.08952205177596091 0.9959243676187887 -0.010975255301729879 9.302488045195796 0.03184607004730412 0.013876110738177011 0.9993964585555244 0.6038654311860163
0.9970350135889795 0.02963477945868865 -0.07101381220620598 68.41674577148615 -0.03190680260804357 0.9990076251523893 -0.0310760492134148 8.993959353998903 0.0700224080202527 0.033249732838296915 0.9969911321778279 0.6881136376763766
0.9930400019602373 -0.10954172244499892 -0.04326852840800739 70.07255918228762 0.10875951995844664 0.9938660053350428 -0.020043209767223364 9.070035411443115 0.0451986872068202 0.015197844687569646 0.9988624050346637 0.677091819705187
0.9912400148132753 -0.11487758586558593 -0.06516420258602633 71.80228819399642 0.11388813697051338 0.993317328774123 -0.018713006557641132 9.23177773793827 0.06687843666207617 0.011127651267705466 0.9976990779222465 0.8292086051122518
0.9872019254085229 -0.15672630548895133 -0.029482598893061582 73.307465732948 0.15645499211657365 0.9876203432392785 -0.011308981463089854 9.438743508680096 0.030890029321904558 0.0065515484973815465 0.9995013173081756 0.7925076835876251
0.9860123534842278 -0.16313253881999373 -0.03416743412428752 74.8507301954322 0.16314302582714635 0.986599262773108 -0.0024995638665124414 9.587844335982748 0.0341173255173577 -0.0031095777370818926 0.9994129970266745 0.8098917125408468
0.9864859107106593 -0.16122720002095373 -0.02917769598108527 76.38051126003366 0.16073133760605532 0.9868224575952965 -0.018624561657861784 9.763981859604462 0.03179599158273764 0.013683097565339947 0.9994007143084739 0.8857171565250104
0.9850897790628642 -0.164560529644518 -0.05017927130791337 78.01738650674096 0.16430554147584636 0.9863666527634838 -0.009193223400412077 10.02702243932362 0.05100800159000943 0.0008114180652773768 0.9986979149745517 0.9166136460959181
0.9827287364643283 -0.1690580757232353 -0.07525687716070553 79.53810064923913 0.16851252476636477 0.9856058629369888 -0.013587197691170831 10.18719820601969 0.07647064485206068 0.0006708032427526879 0.9970716075081667 1.0860519444114511
0.9858589045242354 -0.16311519712812367 -0.03841422700156501 81.18559793563412 0.16300953060459067 0.986606924537887 -0.005888071497793478 10.374864604652977 0.03886017630358138 -0.00045707739548825083 0.999244553539277 1.2098548555007955
0.9832883660697186 -0.16302134200618365 -0.08104339086221704 82.7803206779245 0.16453583753078813 0.9862940486703081 0.012329141315350739 10.572427361581996 0.07792270092845394 -0.02545764341086379 0.9966343166236953 1.3577038049057495
0.9798127410084833 -0.17891808813225488 -0.08919254619384687 84.35259189497937 0.17789823419102604 0.9838592041687197 -0.019320575669693366 10.83418141750642 0.09120970797649605 0.003063349733897193 0.9958269955465407 1.2857993568114603
0.9976296408671246 -0.0652822121326831 -0.021756204687292273 85.94657515903455 0.06582353522351443 0.9975137757450682 0.025170010121106246 10.970957501509442 0.020058959943395627 -0.02654241846330509 0.9994464158463464 1.4886561999383199
0.9968965998622894 -0.06905901639946499 -0.037789170895176125 87.56950619838148 0.0690106305620996 0.9976125757491356 -0.0025848745804272666 10.92235750153642 0.037877461008201205 -3.100183159664236e-05 0.9992823910118994 1.4089299461640934
0.9975376438407098 -0.06825381039910053 -0.01612657703075714 89.20301505767986 0.06833581038741762 0.9976518220461109 0.004589007166027151 11.061654642246289 0.015775491733071693 -0.005679730106138762 0.9998594273829202 1.6647813725668492
0.9961147391261127 -0.06829217995855486 -0.055602200066406766 90.7768282927156 0.06934992221937539 0.9974420444659772 0.01731924420112572 11.127157748305073 0.05427720316931362 -0.021107962669097247 0.9983027792849607 1.6393775939359905
0.9944513734604843 -0.09529808683177021 -0.044550426134445556 92.37829175950431 0.09589322851298973 0.9953261894292301 0.011413385196507335 11.21198302752048 0.04325453210834489 -0.015622140778161738 0.9989419373364978 1.643924386924869
0.9831977932542976 -0.17868452999767917 -0.037335480168173237 93.94880609999989 0.17874673856479126 0.9838936629671885 -0.0016921659075182544 11.29919155012818 0.03703650621116578 -0.005009861526719308 0.9993013551952952 1.7442649007127695
0.9798928423847492 -0.19639741968139215 -0.035186232899078594 95.49805167216473 0.19692654849991273 0.9803419783017432 0.012228657953185475 11.585757072965896 0.032092864301096626 -0.01891187779982741 0.9993059536193286 1.8099009081443618
0.9786235195546334 -0.2047704624833874 -0.01910666556052079 97.044876661062 0.20524061222991516 0.978333954017367 0.027183920030673832 11.84036876468769 0.013126235789119256 -0.03052428723302325 0.9994478324669699 1.8727542243727557
0.9748389523902028 -0.21108532455497106 -0.07163799732191387 98.57807843948376 0.21223590382945837 0.9771791857656441 0.008761280276628782 12.111213171709023 0.06815378220219992 -0.02374499239661446 0.9973922183913507 1.9289477271098063
0.9839856400228305 -0.173220020493027 -0.04203670692687498 100.05913858602523 0.17404388849476624 0.9845950251239014 0.016773830179338766 12.495948647691263 0.03848356930538093 -0.023821439957719123 0.9989752518915865 2.0344159457709727
0.9797284412016463 -0.17145352586936322 -0.10361404329315543 101.6621963735582 0.17112007272595983 0.9851750689724401 -0.012165697078672693 12.599020202386242 0.10416382390664486 -0.005811363188736082 0.9945431744509808 2.0250428024888767
0.9838365854989267 -0.17016167727541986 -0.05577254360909904 103.20779686437574 0.1707999600946895 0.9852819165263492 0.006849715163181483 12.787621255149938 0.053786119635696655 -0.016264948600598142 0.9984200041974091 2.187257775283226
0.9850447819596234 -0.1716362573948688 -0.015092139729020586 105.06328748688993 0.1715739779045545 0.9851567743564813 -0.005338543391274708 13.014898383461265 0.01578441130119772 0.0026692858624407564 0.9998718554259136 2.295196343991469
0.989303711505421 -0.13764560150223798 -0.048289282337656086 106.63578309306622 0.13734896948193925 0.9904778888473817 -0.009424027094775803 13.23447166878436 0.04912664230179056 0.0026907418160898753 0.9987889331208226 2.249328764702296
0.9956658469039064 -0.06618306077829086 -0.06534006255846447 108.17282300913638 0.06613104035207562 0.997806553316552 -0.002961023555301872 13.391730937444215 0.06539271221687581 -0.0013728162877689053 0.9978586616171455 2.348671546488625
0.9964729275126682 -0.07054186872376406 -0.045448316704713214 109.70119364058687 0.07116170445738021 0.9973905980205366 0.012165804492785447 13.366542704662638 0.04447152519369161 -0.015357074499898905 0.9988926086971268 2.4294679081940136
0.9971425343271718 -0.0671091767809926 -0.03468608694221017 111.30599783965955 0.06677172686961555 0.9977098421844172 -0.010798485967707147 13.384210298750919 0.035331327832881405 0.008451579741254912 0.9993399161813975 2.514264973666371
0.9984222866456139 -0.030866060947623435 -0.04690654336999438 112.9316895318462 0.030365780810366953 0.9994745120374201 -0.01134103801853403 13.55281198601933 0.04723194771677659 0.009898791296854368 0.998834899793625 2.5890185624417748
0.9941883011539768 0.08848400644171092 -0.061320489663673164 114.49136260222913 -0.08827309419130802 0.9960773540228609 0.006145375880175494 13.514814545489005 0.06162371857054594 -0.0006967114463257481 0.99809920944899 2.6361055230787533
0.9944629352434202 0.07252693023024644 -0.07604810857883333 115.9932527709503 -0.07083936550370216 0.9971828209666395 0.024661830103380706 13.244834055225612 0.07762251427307638 -0.019138076193601316 0.9967991168322402 2.6918751233593055
0.9957666076347996 -0.08967107315967192 -0.02019806322090624 117.60180180358074 0.08971998398348481 0.995965859668437 0.0015267117981571528 12.984394026289586 0.01997967951410104 -0.0033324185367640947 0.999794832649784 2.7866483646537863
0.9798695920343719 -0.19610108555696656 -0.037415863611212644 119.21263956838843 0.196729145301232 0.9803596267734707 0.013879682331669004 13.223035726938335 0.033959181312869374 -0.020961069532840517 0.9992033864877556 2.8929165756484774
0.970362748409018 -0.23282070505508803 -0.06473527475610526 120.71790633854744 0.23348664489405382 0.9723559377044532 0.0028137283116307244 13.522040666268978 0.062290634578680816 -0.017845159246848014 0.9978985054279017 2.9883922381027856
0.96678079753058 -0.25115468057275303 -0.04749964160427099 122.29351610638116 0.251330282142018 0.9678985648711599 -0.0023361076094186276 13.82699273130081 0.04656155930109544 -0.009679594348295168 0.9988685232044822 3.0658535192661427
0.9619734176180849 -0.2599526328768796 -0.08385566442739512 123.93547698840099 0.26019846389533247 0.965520539917522 -0.00817596378943353 14.304752863748327 0.08308972970645034 -0.013954055244087604 0.9964443693250286 3.1847843440518404
0.9573949234057553 -0.2738213516501479 -0.0917432723275884 125.42484572190021 0.27528416629413915 0.9613567441048603 0.003440690605510159 14.616126962583506 0.08725587902616515 -0.028549569954521646 0.9957767488904243 3.2953097809332537
0.9559196410162594 -0.27859621492539277 -0.09274582981778855 126.97290789728223 0.2806261753995879 0.9597715838283232 0.009351821013664613 15.023090877067526 0.08640943004062433 -0.03496649689225765 0.995645898146092 3.399417647887438
0.9930778884509175 -0.08230001472884613 -0.08380343098882488 128.51217694587493 0.08394283974111502 0.9963377995160647 0.01626618921824092 15.423694144052291 0.08215781841105875 -0.02318829081924429 0.996349535074322 3.4740060896428813
0.9986690338555553 0.021078890307150024 -0.047072722477364076 130.00075374664794 -0.020498792149829394 0.9997082898976131 0.012772416779451732 15.266706308902092 0.047328219260921844 -0.011790483171145455 0.998809803800594 3.610626110977621
0.996639749310766 0.009411171951074746 -0.08136731491379577 131.5385823875979 -0.0072466024152353856 0.9996130205860149 0.02685695121079516 15.166090671457624 0.0815885828238793 -0.026177068541202827 0.9963222692660142 3.6170072215558142
0.9978559508136355 0.010383863224121992 -0.06461947702015343 133.10188533854597 -0.009740540915359957 0.9998998949355493 0.010262649295076132 15.142054480055515 0.06471957422983875 -0.009611217010361113 0.9978572048239608 3.849052075816715
0.994759247143134 -0.005755060265614323 -0.10208290505547075 134.6644577667495 0.0067291990179073075 0.9999350292709983 0.00920082156033859 15.067840785797156 0.10202332137213778 -0.00983953851290513 0.9947333438555533 3.9512277620428704
0.9957801983176565 -0.047548541577869745 -0.07849160994823706 136.17010816509423 0.04805895111497129 0.998833791027566 0.004625485837131238 15.052593559343805 0.07818013722280995 -0.008378191649651775 0.9969040435510854 4.090254483505796
0.9901976036196858 -0.09351123599538981 -0.10375140735646024 137.75713520941335 0.09396091758370807 0.9955757315756862 -0.0005555757057279596 15.091364232848035 0.10334433585184657 -0.009198447703372943 0.9946031051666735 4.186372086753687
0.9833831120046602 -0.1674817322713891 -0.07005372495024595 139.30864237139915 0.1682670743338491 0.9857265323581483 0.005421724846146725 15.258467116199784 0.06814577550484596 -0.01711936799520281 0.9975284860695899 4.293125528689867
0.9569001419390414 -0.2782429602652959 -0.0832044074544576 140.82129854573935 0.27944687750068403 0.9601566046930193 0.0029558618862811307 15.503614563478592 0.07906681359559233 -0.026079676515977424 0.9965281177471421 4.43956375825521
0.9497091522762745 -0.29850033580648533 -0.09460483923191033 142.29486995789782 0.30006948246435544 0.9539141117889397 0.0024845570011859906 15.922316736017171 0.08950325008765882 -0.03074763167032132 0.9955118037323376 4.503844988116676
0.948440811621359 -0.30207684861314477 -0.09596668371351166 143.7775073701455 0.30508468607323425 0.9521543964434737 0.018037174306427484 16.331315762231785 0.08592648703754882 -0.046385157812770084 0.9952211090808265 4.623731069622553
0.9462041716316326 -0.3073509580928688 -0.101158559431674 145.40206036068778 0.3117952972214985 0.9496390495546234 0.031134678279193587 16.817811401918156 0.0864948450339864 -0.061000525574679165 0.9943830135627617 4.719419448640861
0.9815224820579989 -0.15241364660049084 -0.11568793171565461 146.85251161762204 0.15459826599686366 0.987925802925326 0.010098716013085048 17.362978418143864 0.11275191069542131 -0.027797270446765866 0.993234271655102 4.893879079185569
0.9866052419187392 -0.12936234365025792 -0.09937545302426894 148.3741178440874 0.13017174669818707 0.9914900423362569 0.0016769942130213777 17.390236282597485 0.09831283222453276 -0.014590407580327007 0.9950485953091089 5.014154357049563
0.9871947948486818 -0.1361033034846903 -0.08320052766793806 150.3084509406231 0.13710880715827228 0.9905348843494727 0.006466675066251349 17.61142293187619 0.08153288921229723 -0.0177913930688709 0.9965118435369267 5.17525016830288
0.9971209354467586 -0.04130920742074576 -0.06358765191490316 152.0092400293937 0.04135569648836142 0.9991443156953908 -0.0005854754920441992 17.687212117019623 0.06355742648773326 -0.002045921762692045 0.9979760857567667 5.285990123224023
0.996485623582063 -0.03888256963215058 -0.07419263961518022 153.57250171884004 0.03877549170545631 0.9992437869547587 -0.0028836565872194086 17.727421645009606 0.07424865815129009 -3.3337494924718866e-06 0.9972397589103731 5.359065820000216
0.9962087013976414 -0.04365176375155061 -0.07525122444853467 155.16285164929226 0.043691401025074905 0.9990444467454007 -0.0011202248177770578 17.711825295984305 0.07522821768519451 -0.0021718537140177573 0.9971639776462815 5.53457522225167
0.9961577967739507 -0.042458775596129185 -0.0765956676408401 156.73297168431765 0.04189513705237511 0.9990819148167426 -0.008951255636720444 17.73507234583378 0.07690540564766042 0.005707877100004674 0.997022055283222 5.639125990886105
0.9989251367886336 -0.03601017008273159 -0.029186276611147366 158.24804229229258 0.03596960796863701 0.9993510518287307 -0.0019137688972533239 17.731414003703463 0.029236251373803535 0.0008618929297034383 0.9995721578486395 5.6812950800269295
0.9952706045245076 -0.040863762811158666 -0.08812818311036841 159.85587897661011 0.04182078292410449 0.9990842334069578 0.009039727498452678 17.72865458317365 0.08767808098399615 -0.01268256466747626 0.9960681235078347 5.846367987133855
0.9974665531492386 -0.045492511986806886 -0.05468918267543871 161.66148244764696 0.04528070221033707 0.998961251292998 -0.005106507854353284 17.749642488313263 0.05486468222742248 0.002617206193258018 0.9984903689449518 5.960409262235435
0.9794726485184072 -0.1872534681618276 -0.07462887822890144 163.58602249126972 0.18747944765844307 0.9822602644287356 -0.004028601503685459 17.779967005776143 0.0740593512665477 -0.010045475885083612 0.997203239517512 6.069451640408093
0.9635594312651696 -0.25493885469308997 -0.0809901400648156 165.14827629714972 0.25581641591737914 0.9667252637158906 0.0004752269227905892 18.133202413356127 0.07817406070513024 -0.02117651673947366 0.9967147893814226 6.225261124762891
0.9617991222898649 -0.2681617478895674 -0.055061105430764465 166.7523567419542 0.26810298683546335 0.9633519680304139 -0.00858918749543227 18.497122494623593 0.0553465158103834 -0.006500973830160471 0.9984460428720776 6.333669021885246
0.9577929907760182 -0.2789315750673075 -0.0694964981189796 168.20236750898673 0.2792925778043439 0.9601947200062496 -0.004664295822996423 18.870194333795553 0.06803118993325671 -0.014942426261852715 0.9975712912337014 6.431302896588589
0.9653409625179714 -0.24753413867291515 -0.0827265149533968 169.70946702512978 0.24828220444454233 0.9686868958694528 -0.0012824690882527155 19.23676098386203 0.0804535458574391 -0.01930150155459033 0.996571462062156 6.575889675562737
0.9800843940344525 -0.17010426311663573 -0.10246521477880394 171.2233168676126 0.1711946516091542 0.985235435474515 0.001878282663267691 19.514525174778395 0.1006328566152247 -0.01938237227196863 0.9947348148197943 6.7248719451254795
0.9942110679863453 -0.044868670971149494 -0.0976276326596801 172.80920453149756 0.04500343476773373 0.9989864937084931 -0.0008223424573466631 19.659650727035622 0.09756558385289889 -0.003575996825159044 0.9952226731210204 6.851564359407831
0.9959435935968235 0.003159308589273075 -0.08992428561119072 174.39062450353245 -0.004049851680488808 0.9999445341348386 -0.009722517946837003 19.696902784040965 0.08988858144843147 0.010047259481981692 0.9959011474549522 6.935532746095365
0.9986281814215239 0.006926587381214396 -0.051901615177087544 176.01832575294333 -0.007195660850949004 0.9999616143359444 -0.00499923189800217 19.63679535130955 0.05186499528254295 0.005365840279237169 0.9986396897892851 7.053864671989004
0.9950601409855293 -0.0007320333929020887 -0.09927124432064978 177.53981069821972 -6.682554574712301e-05 0.9999676469289378 -0.008043670166630271 19.574876595050508 0.09927392082619131 0.00801056942512694 0.995027898815546 7.18334682353347
0.9973664484011563 -0.045855871505352204 -0.056190805761693295 179.06805683600896 0.045536379191794395 0.998938478240314 -0.0069537659600175765 19.523500469744366 0.05645002899702383 0.0043767270202986555 0.9983958325668356 7.325855230191321
0.9873241712365375 -0.13769465267527525 -0.07893771922674098 180.822425003638 0.1384268111942028 0.9903651711375188 0.0038530170461237717 19.618299064197643 0.07764662796727881 -0.014731273617325468 0.996872103503214 7.4717542222340025
0.9815481968697912 -0.16487322079467748 -0.09685018475176524 182.32022088466803 0.16579861305448618 0.9861584447055342 0.0015303088481634884 19.76341269225497 0.09525732061563713 -0.01755969819648218 0.9952977945662184 7.608046278007362
0.9764377139683279 -0.19079654994979273 -0.1008269173760764 184.07302395680978 0.19101393063405064 0.9815580268357754 -0.007584079244659051 20.009949474733435 0.10041448622602207 -0.011853964801509478 0.9948750748081131 7.702341420419061
0.9756983488856262 -0.20530923722842748 -0.07655618257557016 185.6054078091462 0.20540680066720524 0.9786538651171572 -0.006682703862353821 20.26266976770971 0.07629402480879983 -0.00920485740955209 0.9970428738918623 7.850337114910693
0.9725837966038475 -0.21585482688212324 -0.08653006584612348 187.1843572204296 0.21579476685892243 0.9763858871473768 -0.010159624783087157 20.54865996788886 0.08667973915482881 -0.008791648941945972 0.9961974351146125 8.004112419736153
0.9706549399110207 -0.22524408927784795 -0.08422640839858726 188.7710582383236 0.2255074896503086 0.9742197652085673 -0.00649778335895862 20.813357412212184 0.08351861910944598 -0.01268658040438227 0.9964254567902681 8.143921298461558
0.9735504962648134 -0.21752578126033767 -0.0698710648953863 190.3627854862803 0.21739503785083458 0.976036863165872 -0.009562387733148985 21.22006276274569 0.07027680086891944 -0.0058801554745268655 0.9975101979585099 8.350816330407326
0.9751510858093355 -0.19707725475862387 -0.10119740857195127 191.9333070340888 0.197277551452129 0.9803140112375277 -0.008124473179286046 21.399684176755937 0.1008063863945463 -0.012041388133965622 0.9948331907580691 8.475492159028324
0.9740269306864863 -0.20665828845224393 -0.09254128868484611 193.54894672687197 0.2048621722068823 0.9783726280370383 -0.028609283573287923 21.733422058405715 0.09645220938962772 0.008908003249227197 0.9952977538314709 8.596789754804425
0.9939684275257614 -0.018866123240541682 -0.10803163645820535 195.0050605792711 0.020243781067781227 0.9997269653270681 0.011669795457118853 22.121319542528923 0.10778197627639277 -0.013786377036913742 0.9940789613497266 8.717865293885094
0.9996841427357542 -0.0009451386142815563 -0.025114168823197246 196.58683755622923 0.00032398837236462507 0.9996942224474995 -0.02472562712296728 21.809408809088904 0.025129858619077648 0.02470968065534714 0.9993787679792362 8.882906291246792
0.9980716731673345 -0.009947969894371958 -0.06126967533730031 198.11251732450748 0.009669367883226058 0.9999415276081208 -0.004841971651763702 21.84947499658216 0.06131426054105482 0.004240195716982421 0.9981095041099375 9.055154294398857
0.9905309036837883 -0.10125624125428953 -0.09271301124670131 199.63982926446548 0.10114453444880611 0.9948541576041953 -0.005915086540465891 21.814980018255667 0.09283486413256672 -0.0035183383435990374 0.9956753031469585 9.16307745587758
0.9771517534310357 -0.1558480576246222 -0.14451931947419672 201.1564107381271 0.15704618261856038 0.9875862316694216 -0.003151434900051101 21.912396184720663 0.14321643513085458 -0.01961677729964607 0.9894969604585887 9.283092688041693
0.979710805643702 -0.17018314551497746 -0.1058510004090482 202.71319921298993 0.17060155527483775 0.9853266069828581 -0.00515624955318094 22.129099364881014 0.10517531384680913 -0.013006711893334234 0.9943686332557705 9.381701420338926
0.979939517689708 -0.17885043969130623 -0.08792645729408642 204.23865896193652 0.17775149553498712 0.9838672990132392 -0.02023718773616284 22.316563363902212 0.09012739597446397 0.004202160708454448 0.9959213795979291 9.532440908240321
0.9780729906671741 -0.18780070328241902 -0.090022890277966 205.7149497205762 0.18702727011368495 0.9822071382988575 -0.017027557328978857 22.58979974255561 0.09161891268287697 -0.0001825414959206583 0.9957941260709513 9.612358543528787
0.97667228149834 -0.20191785021872355 -0.07307828895011519 207.42533524868568 0.20080818335388867 0.9793766700450959 -0.02230272784863687 22.82190022275637 0.07607449014576716 0.007107737644881552 0.9970768034683352 9.791989412118301
0.9742705953174722 -0.20471708879791423 -0.09427470845271936 209.09277627430168 0.20375432712890623 0.9788211792822876 -0.01983111607243416 23.12457145472232 0.09633784965414686 0.00011199347564267575 0.9953486857285121 9.84679362654485
0.9707322367428164 -0.21724102073871251 -0.10239757544342067 210.66060406505247 0.21646707791614592 0.9761099278014173 -0.0187460136017546 23.432229445436768 0.1040236931027445 -0.003968344228292867 0.9945669024843687 10.02453905154371
0.9799780107622174 -0.1796124845561956 -0.0859212070101309 212.17431148372785 0.17996299443593294 0.9836663752599466 -0.003712521597268965 23.771803497340784 0.085184617485669 -0.011824448169289414 0.9962950182397341 10.163915227057762
0.9950338168650515 -0.04547177945538119 -0.08854389063130355 213.79932356510204 0.04416669164825734 0.9988855144683266 -0.01664428833546658 23.82244905674656 0.08920205515465901 0.012650939036591959 0.9959332041345331 10.304468583360945
0.9928057757714485 -0.04166837772940327 -0.11225167211339077 215.31891359205838 0.03990059311969247 0.9990424084556888 -0.017950174811221013 23.80234222716807 0.11289213552568297 0.013342128932685856 0.993517666341165 10.434702733802723
0.9922635909141203 -0.04431418053331903 -0.11597077023921014 216.94302603946818 0.04147150680954576 0.9987798625637571 -0.026812315455186284 23.774453301826963 0.11701743574852878 0.021795401826601637 0.9928906687999721 10.628512277855137
0.9926202320387448 -0.05463239086370056 -0.10826068915291524 218.4689570275299 0.05235595129051121 0.9983457539139435 -0.023761523656222208 23.88317202353034 0.10937974817951406 0.017918077757266206 0.9938385246998984 10.744775414362708
0.9948361381307109 -0.05040414336319561 -0.08809359001082566 220.2910820621134 0.04928331292813301 0.9986743843259921 -0.01485359074191924 24.012810491987565 0.08872549428434161 0.010435344887598846 0.9960014509231782 10.964012931110162
0.98837030784645 -0.10458791343707849 -0.11038796551432586 221.89848153530048 0.10291225170283325 0.9944732434737737 -0.020785486864755558 23.904969543036813 0.11195178880646131 0.009183483959282812 0.9936712034699421 11.106495939132353
0.9828392939913263 -0.1516768251660761 -0.10498125020293304 223.5104856179334 0.14940439928636728 0.9883440978796592 -0.029227891821382614 24.105591440236523 0.10819079286386148 0.013041659939681512 0.9940446003301395 11.23599871541329
0.9817154601109017 -0.1649837947224103 -0.09494789549133803 225.23947470528236 0.16382707621053835 0.9862882206000285 -0.019905652612662753 24.330759185416564 0.09693010099833241 0.003986650802758323 0.9952832069998117 11.449172687693387
0.9813810695146082 -0.1710216114848371 -0.08742313654572864 226.77889381866754 0.1694880351060343 0.985221943368751 -0.024729097448093526 24.576087921186605 0.09036040257911299 0.009451492465798905 0.9958642813837183 11.609462287617765
0.9793531228483473 -0.17530809196310723 -0.10067042097579933 228.28536484570773 0.1741990005108446 0.9845119250271412 -0.019773156055002468 24.719447076113415 0.10257762420826814 0.0018282154160441707 0.9947233226582052 11.727484456460012
0.9785446982001937 -0.1893738773009801 -0.08116531414517573 229.7659096325855 0.1879563468028994 0.9818633946618438 -0.02483316169215393 24.958435186920862 0.08439600299066256 0.009044822779568447 0.9963912413605843 11.85305016125495
0.9825539356963031 -0.1468091763859385 -0.11417017638852739 231.365676899965 0.14487987932629387 0.9891318002819283 -0.025061967948071702 25.241045545750698 0.11660867898275659 0.008083773865840922 0.9931450390481656 12.069692833485014
0.9808412927196852 -0.15703333992380517 -0.115286116459665 232.94969099130958 0.15534627188414726 0.9875797598032343 -0.0235319748147614 25.290842785064267 0.11754953980204852 0.005171864205547072 0.9930535521878797 12.226762969512837
0.9814492984972985 -0.15402165150795036 -0.11416919613417724 234.4042398433709 0.15317917603718614 0.9880661457075285 -0.0161688507704707 25.617603791972545 0.11529707068147686 -0.001619436146475194 0.9933297352434578 12.444524267211962
0.9807181098334276 -0.15988141302045866 -0.11238292937688861 235.99166954387195 0.1595012714589666 0.9871195372330902 -0.012424315502392917 25.738178396265706 0.11292180235774792 -0.00574046891041605 0.9935872953943031 12.572155894137795
0.9771177213454868 -0.17071402373193154 -0.1268766358864272 237.61309609816365 0.17090289468614625 0.9852422971394156 -0.009477157556118991 25.941454341951562 0.12662211189401132 -0.01242328574496344 0.9918732291733654 12.777595572747448
0.9742739295514954 -0.1789478668106425 -0.13699624505879146 239.125700504977 0.17682855254222163 0.9838549822051758 -0.027586898989849083 26.123686179906173 0.13972105497064732 0.002652348765514871 0.9901873518904972 12.950581433193983
0.9787342523807261 -0.1791174466812033 -0.09998101575372983 240.65592673633648 0.17744221153306225 0.9838013928132572 -0.025477069394874374 26.293004401766964 0.10292485017233335 0.007194427920380485 0.9946631165494683 13.088724705984577
0.9745420634540961 -0.18296616598109294 -0.12958066470276997 242.2816326287318 0.18235286363619768 0.9830915864438844 -0.01668429761556873 26.57167935668927 0.1304423232019073 -0.007369855454873471 0.9914285075325722 13.298145279692166
0.9903946416791487 -0.04884098968854528 -0.12935614194723793 243.85954692491222 0.04606538140462696 0.9986412485860171 -0.024364672347621026 26.762781037831918 0.13037037381735472 0.018171800923521407 0.9912988203775485 13.518741624679514
0.990813619666612 -0.0492256645394544 -0.1259571555482083 245.40601174282781 0.047537221383407643 0.9987351933645511 -0.016377610271881605 26.717987005074384 0.12660404285129023 0.010239506126852605 0.9919004833389219 13.688154561515066
0.9864568174520073 -0.09484333904595087 -0.13381961119758154 247.06818028234756 0.09344555180803889 0.9954842905432961 -0.016701979786886156 26.801092381344496 0.13479939224547047 0.0039709344146242435 0.9908649532252751 13.826429901247232
0.9832622741637583 -0.11005541948094427 -0.14520022330970261 248.73632922296875 0.10998284100082278 0.9938966945895125 -0.008551910279532636 26.91014877421853 0.14525520607434989 -0.007560762323657312 0.9893653319079779 14.048047799839562
0.9865258192851425 -0.11641010660441604 -0.11495866632893235 250.47016471213573 0.11677534809539973 0.9931519191400965 -0.003575414037781389 27.03706607913869 0.11458763441565821 -0.0098971000142381 0.9933638414248486 14.350655798185091
0.9826111724822923 -0.13319083412508315 -0.12936570418020105 252.07455514620284 0.133768846551014 0.9910034473410813 -0.004250064764691514 27.2093504127633 0.12876792848138063 -0.013128939909885982 0.9915878435778933 14.477067804978669
0.9826702118865084 -0.14476776349685144 -0.11576506089077336 253.64475534939626 0.14409799868816375 0.9894618430275133 -0.014178433152596816 27.39895443666949 0.11659769056456797 -0.0027487896820928438 0.9931754239359192 14.715770782918062
0.9757070427627061 -0.1595226256725264 -0.15016090903360219 255.22879141866036 0.16020095326742556 0.987054795041141 -0.007647624369648174 27.57136262711112 0.14943701440895713 -0.016594079812816825 0.9886319918148021 14.925833517687542
0.9800842657252965 -0.17212113635755033 -0.09904113537663035 256.7838374980491 0.1721790145770158 0.9850329672283767 -0.008027478592150823 27.777179650395563 0.09894048219507647 -0.009185199630123358 0.9950509600471529 15.073994486170667
0.9763066526416536 -0.1756463643510199 -0.1263870036748966 258.25988230457966 0.17490489762718572 0.9844380704635048 -0.017028276721829286 27.961478418025933 0.12741113292673154 -0.0054808860926195985 0.9918348466826352 15.345525888830354
0.9727210858242596 -0.18511219176010252 -0.13981117857540712 259.77198520686625 0.18487746387805032 0.9826504380858457 -0.014779711760235771 28.22969437486944 0.14012142071394204 -0.01147139884523636 0.9900678736660633 15.46657090621678
0.9731048663050237 -0.19158154128647317 -0.12791963184664598 261.2665388913859 0.19178448890609348 0.9813771392803983 -0.010845289892409257 28.40730743876311 0.12761515971274953 -0.0139793968439725 0.9917252378937264 15.717227178046906
0.9661340388478528 -0.20508422682130356 -0.1566061265999639 262.7673885187184 0.20513123688381674 0.9786030510132071 -0.01603883418948805 28.635173475253605 0.15654454520695146 -0.016629144799133067 0.9875308992174362 15.910650923704084
