0.9999999838532555 0.000179497126548055 -8.618020405801526e-06 -0.0013101671404867807 -0.00017949704030454744 0.9999999838403354 1.0007076213478751e-05 -0.0007973740904075974 8.619816507962674e-06 -1.0005529142740924e-05 0.9999999999127941 0.0008432108366740465
0.9846594010576656 -0.17446948972475093 0.002502211810438861 1.5176360559685707 0.17448239972782673 0.9844208451579399 -0.02171386201821613 0.19037719298838163 0.0013251769610754158 0.021817350290818174 0.9997610950283621 -0.05457040463795926
0.9104089940923541 -0.41370168659365397 0.0025254673456792977 3.060765687325491 0.41120186158045163 0.9055451410009244 0.1044079816986562 0.28019773221453625 -0.045480682806209816 -0.09401548871958254 0.9945313445901537 -0.17066036191280598
0.8408027578980183 -0.5409557991719295 0.020433933868581926 4.41451114538465 0.5397761272609302 0.8406424060678246 0.04429534467289667 1.0771488944019247 -0.041139454909838405 -0.0262138982747257 0.9988094797242183 -0.23755627787479394
0.8589538160648615 -0.5120524884768461 -0.0007687081899605992 5.889775592152973 0.5118189002226837 0.85851464753914 0.03152797702975711 1.8179732405944922 -0.0154840318539635 -0.027474515562892973 0.9995025741598317 -0.21563555872807116
0.963134564870785 -0.26897967988260996 0.004662806173588429 7.2507025866039605 0.2690064473574564 0.9631156068502894 -0.0066226219519743565 2.5880184920770795 -0.002709470664875288 0.007632801035491968 0.9999671990205823 -0.31316178178516185
0.9792903196770761 -0.20231749479540223 -0.007622406869380934 8.740609119623684 0.20232858021114042 0.9793174406336866 0.0007043439711491904 2.785557329807215 0.007322254879073619 -0.0022319879923428003 0.9999707009773275 -0.28115132363996886
0.9817975931635291 -0.1888396405578723 -0.02032427642684796 10.446406476164736 0.18837617945561166 0.9818339651316581 -0.022726194744238606 3.1066997934779477 0.02424667135935425 0.01848391375816974 0.9995351138705293 -0.28232752596755717
0.9839300730978278 -0.17839854744685493 0.007454496800968431 11.942316444704058 0.17845841777869517 0.983912190526731 -0.008330333535612891 3.368828526034519 -0.005848450874214195 0.009526783389062049 0.9999375160581934 -0.25377535414020835
0.9914071544935965 -0.1283329752828189 -0.025347612786401505 13.55078482720639 0.12868499676503886 0.9916032230863056 0.012775741560963321 3.5049208579616 0.02349522561057659 -0.01592781905691976 0.9995970582957906 -0.2913178518730323
0.9998971967569171 -0.010454377773998779 0.009813353301368202 15.32757511350486 0.010452063447030164 0.9999453344796718 0.00028709238326946626 3.6124343154784815 -0.009815818221534555 -0.00018449307790737842 0.9999518066761748 -0.24313287262846328
0.9999652725883513 -0.005658084011266203 0.00611879911630712 16.88872617486516 0.005620467973848689 0.9999653090718339 0.006147437891245805 3.487147754406471 -0.006153369569529223 -0.006112833892167954 0.99996238394489 -0.27016178333572205
0.9999797914523547 0.0010250210707766349 0.006274234511851107 18.3923251455505 -0.0010200761209100417 0.9999991666557444 -0.0007912853621721632 3.5142515935409477 -0.006275040367423041 0.0007848691746416918 0.9999800037244574 -0.3430225369399048
0.9992329492708073 -0.03595065356006949 0.015526222984618195 19.90471049524903 0.0357493425831279 0.9992755198946549 0.013054495169914526 3.498600727991315 -0.015984292178209885 -0.012489429445376052 0.9997942371086616 -0.2661207708724981
0.9820518812300075 -0.1881326734637719 -0.013423849968503241 21.445476677655645 0.18822766392034176 0.9821059026017452 0.0061921409788680565 3.512043943453263 0.01201869825288826 -0.008607743617527315 0.9998907228503128 -0.3258566983811527
0.9687864679403193 -0.24785729982676608 0.0044202328338296204 22.940507051624163 0.2478505628384694 0.9687961685004534 0.002020494863923285 3.742672867314524 -0.004783099034579912 -0.0008618708869700412 0.9999881895013558 -0.34699841366565487
0.9679113545332088 -0.2508515638007742 -0.014869522668706142 24.4468999891085 0.2506680499143412 0.9679835907376155 -0.013164224810215074 4.123262966696831 0.017695720325275943 0.009014488416913286 0.9998027807926676 -0.2712450802310139
0.9684883058793468 -0.24904402215677313 0.0027343011775691497 26.007687387253352 0.24905006609997343 0.9683019234748748 -0.01911673535038716 4.464373176909503 0.0021132795725671643 0.01919531252245111 0.9998135196258419 -0.2364293216212473
0.9798491056554471 -0.1997309797982494 0.001807167687770893 27.584727839716948 0.19971972754659423 0.9795875098930137 -0.02281098179208745 4.764655677768488 0.0027857808482710474 0.022712247146332184 0.9997381623478366 -0.24682326266494037
0.9788042192418054 -0.19327875859890284 -0.06771721988465576 29.08695093733888 0.1921053454100953 0.9810930558549675 -0.023493659102608696 4.992073324790463 0.0709777194569377 0.009986852738908873 0.9974279052207551 -0.18028070862054812
0.9884130238643537 -0.1501368776318476 -0.022329626738578422 30.609133757097332 0.14924584273074795 0.9880959811554428 -0.037309656284286945 5.181417670858189 0.02766536974113074 0.03354474622682956 0.999054241429195 -0.15415859460007642
0.9990966238686844 -0.024370302273893852 -0.034814142834136204 32.20271027014654 0.023368874122378192 0.9993094518175162 -0.028887977264388878 5.252004609643943 0.035494110729091886 0.028048313233676816 0.998976206037109 -0.18714314755161876
0.9963170016134522 -0.07569672517506489 -0.04027949967106079 33.81281034477226 0.07500522485592663 0.9970131362913505 -0.018412558399009103 5.268176549177685 0.041552960668190364 0.015323572046221198 0.9990187884116355 -0.14831733371455746
0.9909053701648899 -0.1345346180668596 -0.0026427107270269755 35.397569365951426 0.13448092440946577 0.990803470386516 -0.01494536851375833 5.305027877020866 0.004629076404432945 0.01445405173785899 0.9998848193867138 -0.18922626485629956
0.9825246848987955 -0.18558420840874654 -0.01427393266838386 36.98187160494706 0.18542250573469657 0.9825864287642085 -0.011933330443144059 5.552003272764602 0.016240010209018954 0.00907808337138324 0.9998269102553268 -0.11465636091476827
0.9809700470724073 -0.19254719138884482 -0.02496689478141923 38.574384048219805 0.19236092209512115 0.9812764828112736 -0.009681938455239375 5.750322553628088 0.0263636567545862 0.004695036720182647 0.9996413928168053 -0.1426004577880926
0.980383624321814 -0.19620097088657393 -0.01879170521240794 40.17409016034934 0.19592858626044676 0.9804972788460388 -0.015397248504066936 6.0850215659608295 0.02144617093112269 0.011413378057310616 0.9997048547214893 -0.08444761070308326
0.9781246660809794 -0.20254351883130284 0.0474158262967791 41.873055500614 0.2018972492667308 0.9792395545039656 0.018094077301770706 6.2683258643948125 -0.05009629070600163 -0.00812513841780908 0.9987113415713227 -0.3207233755794061
0.9802084677335813 -0.19721477241622973 -0.01725379158908325 43.434686595121 0.19720354059372477 0.9803597103557723 -0.0023668308865114913 6.516064126712069 0.01738169613944358 -0.0010825211133815033 0.9998483408934352 -0.13697767135802985
0.9802530348275831 -0.19645818223211906 -0.022542633949132723 44.94313033987849 0.19633113491310825 0.9805071115152795 -0.0077388456305986005 6.818038070575668 0.023623572444572784 0.003160206008292469 0.9997159296134783 -0.07516426715647018
0.9807501012479104 -0.1922865125120364 -0.03398729186287194 46.41949945976508 0.1919155691196792 0.9813131478001677 -0.013889574651365033 7.080047032159259 0.03602295423314446 0.007099511284916954 0.9993257445437059 -0.029888128524725888
0.9811890284271025 -0.1904056265234229 -0.031840035843278616 47.97340480169043 0.19036539839359812 0.9817038092411361 -0.004318103274545921 7.266543316727921 0.03207967563310368 -0.001824365551572576 0.9994836497420101 -0.05280583580721154
0.9802928354498788 -0.19062035421019827 -0.0518636416617214 49.56915804886762 0.19059757505778632 0.9816532346541449 -0.00543058699827874 7.542516349904021 0.051947292015353475 -0.004561518807690165 0.9986394100967769 -0.0033137117327283194
0.9734328025267356 -0.22711184489048855 -0.02913398145437807 51.13380547823201 0.22706351507963743 0.973867113930592 -0.005000452397395343 7.756184028186569 0.029508288405542083 -0.00174765984619797 0.9995630078191357 0.050794130232851065
0.9731911632960631 -0.2283902656989426 -0.027144911427773668 52.6798872203821 0.22821196319196185 0.9735647726121206 -0.009535899788727431 8.153219861506688 0.02860523620818257 0.0030854598808621823 0.9995860245115463 0.09053839834020172
0.9771812996451437 -0.2110367230009876 -0.024087531397640402 54.1763363429125 0.2106222373963895 0.9773897757827112 -0.018641333363265268 8.303502791380993 0.027476912817251252 0.01314259260670713 0.9995360381304955 0.11725124679936938
0.979369950856655 -0.20099602202353314 -0.020859014591982975 55.8813618325962 0.2005997202079622 0.9794765220293251 -0.019634027753477147 8.50671416215042 0.02437727654026298 0.015044664305075527 0.9995896190259417 0.13523722187949477
0.9813056318276371 -0.18984782802359418 -0.031576243254791976 57.491065568503146 0.1883349066395506 0.9810509460342313 -0.04548630812026361 8.794265832233743 0.0396133801187647 0.038689061504042874 0.9984657914197675 0.16733666314161455
0.9803070190928405 -0.1949058595771721 -0.0317782035331295 58.98512116589358 0.19376893489622388 0.9803996017508764 -0.03564015650787641 9.074405742616737 0.03810181342787105 0.0287806669347087 0.9988593119275112 0.21206877344789093
0.9817986700449812 -0.18838430803691872 -0.02413967653795987 60.4634431869474 0.187864651339426 0.9819426706744194 -0.022259027065542614 9.328546784412975 0.027897029860218227 0.017318891253194628 0.9994607604757368 0.22939734165095904
0.9828048322453692 -0.18365550177108664 -0.019113303857841615 62.02707440150952 0.18329797407847653 0.9828730140620702 -0.019039194501548368 9.516846736317968 0.02228260339094016 0.015208382483092498 0.9996360291067795 0.28345874863296644
0.9995760269862839 0.02836689719287357 -0.006563948351784745 63.68264962904598 -0.028480526270149433 0.9994337295274907 -0.017918702691488424 9.652561215627992 0.006051933384570934 0.01809805034857534 0.9998179007578776 0.3057469555457761
0.9969258895939145 0.07402939956674345 -0.025659669856989045 65.33375006749506 -0.07431078785665099 0.9971830626764288 -0.010190501429342972 9.469482701518624 0.024832991473160072 0.012065964986070214 0.9996187948530424 0.2887775680512699
0.9958067951120033 0.08658420368096484 -0.029529688140814924 66.8563860266367 -0.08668267625456585 0.996233825195366 -0.002068616434992297 9.3541720019361 0.029239364666605126 0.00461965469945425 0.9995617631464057 0.37137190824253546
0.9973471832393329 0.027083402420360735 -0.06756541569401667 68.40337271231803 -0.028636525918634127 0.9993449988027188 -0.022125161045865243 9.050412055192407 0.06692193562562182 0.02400130582553531 0.9974694941955815 0.45311918611486107
0.9928840444658829 -0.11221304297485893 -0.03986862464887952 70.05893658414455 0.11186603244682383 0.9936641962547494 -0.010837705753937603 9.130785588443135 0.04083215680902664 0.00630064026311894 0.9991461539247388 0.4357980848000251
0.9911323835367888 -0.11763417829318865 -0.061796427097124074 71.78872135930914 0.1172753473381187 0.99305481074933 -0.009414656357828111 9.298664160239372 0.06247472458048517 0.002083973344044 0.998044370678826 0.5805889946633672
0.9868426992578977 -0.159553758007626 -0.026155022978968944 73.29318620546805 0.1595634754268891 0.9871861574174952 -0.001728558061795614 9.50949715510187 0.026095674566468507 -0.002467571462868048 0.9996564044010305 0.5369104693621395
0.9856316929553909 -0.166060001132427 -0.030890805521844377 74.83606859210427 0.1663553401014379 0.9860393501926166 0.007231921698792556 9.663202400422335 0.029258616878194806 -0.01226686168589553 0.9994966020166122 0.5477488233309229
0.9860923418664331 -0.1641714473776262 -0.02587719417380649 76.36556746057676 0.16399776069766178 0.9864222435938927 -0.008711591665326802 9.84459201625558 0.026956034547500576 0.0043466319290033605 0.9996271699950676 0.6168166166310709
0.9847346841757518 -0.1676152015253434 -0.04693342091623958 78.00173556606924 0.16783775510101298 0.9858142956994354 0.0008138533520933465 10.112873016599043 0.046131223091684666 -0.008678629629431597 0.9988976882763422 0.6397452682990767
0.9824287627602697 -0.17218022228558585 -0.07202567011151009 79.52248930546241 0.17237778908952148 0.9850246556657838 -0.003510777565228729 10.27946856323021 0.0715515473622639 -0.008966536911779167 0.9973965997966282 0.8026252439858368
0.9854436670452692 -0.16631303128040473 -0.03522434820824703 81.16977620353589 0.16657072598143238 0.9860192793550435 0.004491546078939268 10.473613962794886 0.033984883792522846 -0.010293510892003189 0.9993693367855174 0.9191869173552994
0.9829787747994648 -0.16636511913536908 -0.07794469468037905 82.76431700485395 0.16857980748304832 0.985426457601761 0.022705619732195932 10.67787356773475 0.07303134123594758 -0.03545904388895979 0.9966990917040907 1.059864043015526
0.9794863227007002 -0.18223136308388005 -0.0860132196284435 84.33548453875169 0.18215380976189938 0.983230528165917 -0.008815785376110675 10.944034596671766 0.08617733595026911 -0.007032694445442711 0.996254991444134 0.9801900656600301
0.9974542470371519 -0.0688025987903979 -0.018741063663408088 85.92962862243726 0.0694449388317139 0.9969322619427279 0.036103539555226646 11.088373500155246 0.01619955364224257 -0.03731310088218126 0.9991723109475904 1.1765359421600032
0.9967598654060825 -0.07256461614022149 -0.03470082419872268 87.55246807409233 0.07289870430050406 0.9973034704067805 0.008459717838064037 11.044476440497764 0.03399337622178801 -0.010961952335888606 0.999361939426367 1.0922771166802359
0.9973301012865168 -0.07184340114135301 -0.013084142320721422 89.18626355522613 0.07204777288861988 0.9972747239622517 0.015882171381915788 11.192349070090788 0.011907455211593577 -0.016782450907341605 0.9997882585087338 1.3414833953435998
0.9960154341154703 -0.07199370397846665 -0.052632324585106735 90.75975277652825 0.07356842690257497 0.9968794734521594 0.028618210510546166 11.263179616748726 0.05040775304307464 -0.03237625668922158 0.9982038050598395 1.3104855974543894
0.9942144159322461 -0.09903977726614817 -0.041579053278959124 92.36090835761175 0.1000487420469184 0.9947183914293548 0.022925334610992523 11.353875073569231 0.03908892896117705 -0.026952630136380894 0.9988721696800845 1.3091494987521273
0.9826220253764514 -0.18241452296501076 -0.034335070358572486 93.93138933425229 0.18285134099439343 0.9830895381924233 0.010017334633523249 11.448064559643068 0.03192714114405837 -0.016121467304668118 0.999360173286044 1.4036843763056606
0.9792201225926823 -0.20021806106421952 -0.03225956498864608 95.4797366436341 0.20102647310471267 0.9792890317221239 0.02411118951493777 11.741222738422103 0.02676394254687537 -0.030095188526232552 0.9991886563642114 1.461235961545524
0.9778489139476982 -0.208679535503957 -0.016258934564103565 97.0257578375134 0.2091707963320871 0.9770892800656837 0.03929525089020688 12.002496577862658 0.007686315964595191 -0.04182571269657596 0.9990953559617399 1.5163773124700384
0.9741847686690854 -0.21503097299154977 -0.06874385170666507 98.55805512377911 0.2168941743843436 0.975973303853473 0.020809307616314332 12.279976039983351 0.06261751840575057 -0.03518225148627989 0.9974172925957628 1.564688258732975
0.9833840045851187 -0.17725692189650666 -0.03919034531502747 100.03788552597196 0.1784419407146891 0.9835193599690061 0.029122883788046727 12.671846355071995 0.03338223060418131 -0.03563217935984875 0.9988072759416388 1.6610010322621411
0.9793174395590367 -0.17550117147817565 -0.10068113718726274 101.64048630720433 0.17640203702716697 0.9843182002028864 4.5629118580567396e-05 12.781234546852517 0.09909426778678196 -0.017805043081622455 0.9949187436834543 1.6456076305790446
0.9832691939065311 -0.17430020990799433 -0.05292569452004964 103.18577105284504 0.17552761203950973 0.98428200858913 0.019467536553329976 12.978187799721045 0.04870061320053219 -0.028431749748775572 0.9984086767852707 1.8008825671787823
0.9843538531268947 -0.17577952199038963 -0.012208664262152778 105.04061011708046 0.1758792593387428 0.9843821434685903 0.00763424879336113 13.214512522890079 0.0106760464916136 -0.009662053043417183 0.9998963280072065 1.9004740184865372
0.988843087951043 -0.14187119880555674 -0.045408263134808946 106.61203414311984 0.14217705212257017 0.9898348339766815 0.0035619230889201176 13.440076314702187 0.044441346302534795 -0.009978196020804998 0.9989621626182789 1.8471906533571545
0.9955506377207555 -0.07051180756503318 -0.06250610152384144 108.14866958989943 0.0712775674512559 0.9974053406091661 0.010104202222101332 13.605185204713049 0.0616314539178552 -0.014514527833353113 0.9979934330293693 1.9400177635740041
0.9962716198839291 -0.07496673868982055 -0.04269481823434847 109.67736302069095 0.07609713360282218 0.9967744239562559 0.02549458774148531 13.587686689375431 0.04064585675423911 -0.028648487514809952 0.9987628239436166 2.0167604834858706
0.9969301460733877 -0.07152686352366848 -0.03184637568955799 111.28231170318298 0.07165035361287693 0.9974260137945499 0.0027520597857093256 13.61353006134101 0.031567557353138084 -0.005025415443615252 0.9994889866938882 2.0967318846673613
0.9984024918088615 -0.035345827979749576 -0.04408102533156465 112.90744475068692 0.03548218302794676 0.9993676290412667 0.0023144571735785745 13.790353684033494 0.04397134336618998 -0.003874850818159878 0.9990252782055665 2.164554298245097
0.9947474543731258 0.08393164535584359 -0.05859164553114043 114.4674037794419 -0.0828961882618854 0.9963596964754706 0.01988912293084354 13.760026407062599 0.06004768096967577 -0.014927630326647703 0.9980838851835024 2.207760317476658
0.9949892354317579 0.06786282779069558 -0.07342382432954822 115.97066528374032 -0.06516922769939681 0.9971319319373587 0.03848223059978221 13.497698283697694 0.07582475279214651 -0.03350443127589305 0.9965581066595609 2.2630957474393587
0.9953867304720763 -0.09433930008475867 -0.017474360063480042 117.58066115782373 0.09461707748952485 0.9953881039416411 0.015815535994898232 13.246047484060707 0.01590174353495693 -0.017395947544831335 0.9997222191996965 2.3570612847189607
0.97901583425404 -0.20079661961591738 -0.034766561962416995 119.19065452733204 0.20180036116246508 0.9790193258235487 0.028244891550561865 13.493703355850204 0.028365657308877107 -0.03466810082518118 0.9989962523806636 2.4554059800558257
0.9693982237422416 -0.23752213347879625 -0.06205094610936854 120.69474830052374 0.23898386316977321 0.970871236014021 0.017197564509491912 13.801168448370996 0.05615867653210829 -0.03150046330275037 0.9979248087215159 2.5423559540382765
0.9656739326449464 -0.2558645128134581 -0.04480186260386171 122.26908882872694 0.25663590149519766 0.9664297553500714 0.012310241173444234 14.11474586247495 0.040148099255018097 -0.02338544540377367 0.9989200423805082 2.6109793134316877
0.9609066735386707 -0.26471362869061243 -0.08114837973918683 123.90903613318281 0.2660882523570691 0.9639272663695203 0.006423947925107396 14.602143276661167 0.07652062928653543 -0.02776544497810862 0.996681329893743 2.7182808226723005
0.956249634949596 -0.2786511668337116 -0.08910759160125113 125.39715842072349 0.2812768492808452 0.9594549343962576 0.018153867943599123 14.922413936938742 0.0804361219689579 -0.04242353220659406 0.9958565530224275 2.8200393067210805
0.9547297113955134 -0.2834848586083404 -0.090152721081778 126.94346480014339 0.2866615258050069 0.957725712525216 0.02422042921198274 15.338548602689531 0.07947545408354066 -0.04896727997220744 0.9956333952265455 2.9137300297033213
0.9928542726944883 -0.08739468762922097 -0.08125614909955764 128.4809088490592 0.09018746493917083 0.9954311722326828 0.03135287092616385 15.747922230707065 0.07814482938841494 -0.03845711795828897 0.9961999978509324 2.9779747977258184
0.9988814958496854 0.015944612146139025 -0.04451434142615141 129.9706208302694 -0.014695523645731194 0.9994929180059234 0.02824798118064621 15.600581412003761 0.04494217210897287 -0.027562224139455492 0.9986092954537394 3.113001326881361
0.9968737694262373 0.004189606845174097 -0.07889952486807525 131.5089601586735 -0.0008525186914348564 0.9991053658161939 0.042281688816437214 15.507904370251048 0.07900608230893308 -0.042082243188453584 0.9959855037933142 3.1168272743424033
0.9980582443550096 0.005154327991839613 -0.062073937992916745 133.07297325754445 -0.003547716235140503 0.9996565653917121 0.02596468714929232 15.495593668930523 0.06218645016811021 -0.025694049353853197 0.9977337627059089 3.3450341483473247
0.9949713398545256 -0.011034273891305957 -0.0995503775371133 134.63617717954455 0.013569129540726019 0.9995997940308909 0.024821976087882665 15.43113839077322 0.09923664439911872 -0.026047966774626886 0.9947228718770423 3.44421487382492
0.9957099264713031 -0.052866006930525844 -0.07594028995028776 136.1422479830473 0.05457220538706957 0.9982979345457083 0.02056959603308601 15.426036826659942 0.07472360219973123 -0.024625580053969198 0.9969001775911678 3.5794635406740976
0.9899432345428154 -0.0988605018668828 -0.10118791209199013 137.72929571905289 0.10091534174843328 0.9947761113261588 0.015381226693684358 15.474765447583582 0.09913872191381723 -0.025437954033955795 0.9947484226234596 3.670721361852555
0.9826318387058011 -0.17284398122998743 -0.06752501547000427 139.28016168042595 0.1746479654361189 0.9843906955626235 0.02174963583048338 15.651886542492285 0.06271170329915128 -0.03316499121516816 0.9974804888452792 3.770588728497476
0.9555630828606619 -0.2835329064583871 -0.0806739464082872 140.7918484335039 0.28590871528250666 0.9580612512194081 0.019360925530787592 15.907587330068779 0.07180112254926252 -0.041565970061598276 0.9965524918103934 3.9089161903552556
0.9482716605189503 -0.30381173966951874 -0.09208303152923096 142.26328305329568 0.3067236444882154 0.9516094691215757 0.01897430341328879 16.33530922603059 0.08186246861962825 -0.046236837231078715 0.9955705354792131 3.962238654899069
0.9469517769093931 -0.3074614898688066 -0.09354017562414911 143.74395799374653 0.31172672461513695 0.9495388713702534 0.03467536470787225 16.754406189838463 0.0781586934951032 -0.06199487079234156 0.9950114846706943 4.0712390851224365
0.9446644502488828 -0.31280102871248705 -0.0988159545437164 145.36603526433203 0.31848984321363016 0.9467157390713871 0.04789080458996993 17.25143557983933 0.07857032649628777 -0.07671261845959407 0.9939526537835389 4.154276898835103
0.9809180866587115 -0.15804030899478563 -0.11323854466852408 146.81386257329066 0.16203412365356137 0.9864178831857823 0.026920299090142298 17.80762208986123 0.10744603314052605 -0.04475511662495161 0.993203065590442 4.315437622742394
0.9860951232458748 -0.1350197923759852 -0.09688169887780121 148.33559535903626 0.13744553544825297 0.9903311532917638 0.01878647399455723 17.845523886914773 0.09340841876429629 -0.03184120736641413 0.9951185883187003 4.4312538662156635
0.9865964138771213 -0.14180604939366892 -0.08073760264068025 150.26904738547816 0.1441425411250961 0.9892693167656322 0.023856796600949078 18.080454488386632 0.07648819492447195 -0.035174753182068176 0.996449844586157 4.583367923441167
0.9970221153128271 -0.04706617283232115 -0.06108745331124654 151.9696535078059 0.04819324245595218 0.9986914915064061 0.017108950122428454 18.167896400702077 0.06020226705629497 -0.020002004090290834 0.9979857748854212 4.688319909642275
0.9964261026143464 -0.044677107747678566 -0.07168666592949008 153.5328412755379 0.045857332052581856 0.9988368356520873 0.014902377043427381 18.2183885833866 0.07093748745059442 -0.018136476720342985 0.99731586826159 4.756610129441587
0.9961206594259018 -0.049491881562741105 -0.07276115395103551 155.12369344961448 0.05084215658867407 0.9985650010757314 0.016823012216520727 18.215189168083732 0.07182413924523866 -0.020457084005401794 0.9972075013434649 4.928264198930239
0.9960820848392022 -0.048320380892153514 -0.07406497858519577 156.69391192685967 0.0491300380826286 0.9987504961032381 0.009147999318719643 18.249495890392083 0.0735303992943583 -0.012750973451977605 0.9972114585460995 5.028317277228432
0.9987640030511514 -0.0419257841281365 -0.026696344964814538 158.20908355875054 0.04237983815208967 0.9989624002292924 0.01667549838336751 18.25550201682546 0.02596951149795016 -0.01778627429710633 0.9995044936963445 5.066643612519907
0.9952175042203196 -0.04685083646801812 -0.08571533360913361 159.81731831738122 0.04935901684053215 0.9984057642027492 0.02737914285109199 18.265326204224465 0.08429594741156962 -0.031479026811060434 0.9959434040752589 5.227599780474054
0.9973093730253851 -0.05147981954666962 -0.05219044601414717 161.6230468929958 0.05225744511177553 0.9985404160838456 0.013645397666989124 18.299187291945145 0.051411807069028856 -0.016336022359890356 0.9985439201494114 5.336576888183587
0.9785023005575997 -0.19320632036167984 -0.07214267513604397 163.5476394823644 0.19473621510726585 0.9807448159974561 0.014744911658349614 18.343084441535346 0.06790474452629594 -0.028476721482919926 0.997285326275486 5.440070474902976
0.9621767914199623 -0.260860172262271 -0.07853529512317861 165.108116840505 0.2630914114286348 0.9645765392820818 0.019365151667139764 18.708648887175947 0.0707017063816375 -0.03929466113737091 0.9967232305514023 5.585037279922849
0.960275318338256 -0.27406172279000796 -0.052549834364478125 166.71022408472376 0.274964640658122 0.9613952550639367 0.010658795818379425 19.084309544989885 0.04759999346755308 -0.024684724870269334 0.998561417730511 5.682238191432874
0.9562215231455983 -0.2848677381809584 -0.0670132107630804 168.15816840211934 0.2864213861028138 0.9579918312631521 0.014643797868557424 19.468050177333204 0.06002656292055186 -0.03319673141646973 0.9976446204772558 5.76882536337188
0.9639813121485987 -0.25356865621985447 -0.08026809086506946 169.66334152335884 0.2557563819410331 0.9665720065823271 0.018089477268459574 19.846631456168588 0.07299796520929987 -0.03796699453829617 0.9966091532797754 5.902275067375627
0.9792444597028701 -0.17627784227663154 -0.10003204718253589 171.175811194599 0.17922922356836254 0.9835776899081047 0.021255901159871585 20.13663533635974 0.09464234549246966 -0.038743389595275776 0.994757144333406 6.041810062096403
0.9941465100310588 -0.05112650161721899 -0.09517771496232888 172.76107718726317 0.053141844424183834 0.998410741131226 0.018759967083976675 20.29410313864942 0.09406732144725743 -0.02370807512601035 0.9952835104680263 6.161492490725331
0.9961669071740666 -0.0031063188312762525 -0.08741764029401014 174.342440095895 0.004003370547033323 0.9999410985701608 0.010088231488385415 20.34290264055533 0.087381154006557 -0.010399527567085124 0.9961206672641943 6.240632085607214
0.9987779426760532 0.0006157656089065303 -0.04941904548355138 175.97077830651477 0.0001391173654297883 0.9998833932622653 0.015270249660595285 20.295423868340798 0.04942268578445599 -0.015258463587568787 0.9986613927747471 6.355990183274062
0.9952809927060656 -0.007069148276412536 -0.09677692235587279 177.49294308803195 0.008270618897109457 0.9998935605977344 0.012019331855127867 20.245771933565976 0.0966816550390368 -0.012763017583275879 0.995233521823437 6.482815290315251
0.9971906392549067 -0.05222659033237541 -0.053695551441854096 179.02183555767053 0.05302840379750223 0.9985001588976533 0.013616940627397338 20.207045046155205 0.05290385026706108 -0.016426075112918655 0.9984645044683887 6.622434647688229
0.9866025745565733 -0.14408665344845564 -0.07651402601069841 180.7759205186376 0.14632053659244468 0.9889360105744682 0.024410398611130237 20.31603462406958 0.0721502629907906 -0.035278935458426953 0.9967696505528646 6.761802545954063
0.9806889637267723 -0.1712751468502191 -0.09441387872524558 182.27308936205492 0.1740664134848785 0.9844857696351651 0.022105498916966212 20.473569175570315 0.08916299748786378 -0.03811290407844265 0.9952875797585774 6.891146905419738
0.9754227313346485 -0.19718400214238524 -0.09833089288095508 184.02449715785744 0.19939803552839425 0.9798306992746814 0.013123421288142756 20.733307330585994 0.09375989880045345 -0.03240787030955089 0.9950672395968667 6.975655510492337
0.974524647331104 -0.21170018396737306 -0.07405905651821262 185.55557519056867 0.21330552266116182 0.9768795229433819 0.014392764020830253 20.999030568160933 0.06929982501013976 -0.029823309039929264 0.9971499909700009 7.114243935918808
0.97136176448115 -0.222258263613103 -0.08400944446760375 187.13300765129927 0.22393711813980724 0.9745415239718359 0.010999326065247466 21.298509893999267 0.07942600092730964 -0.02949715766544364 0.9964042493217072 7.257721642514872
0.9693552214982344 -0.2316706117554954 -0.0817262638503891 188.71828813140513 0.23360640757575876 0.9722179050863663 0.014845584159125468 21.576517964833307 0.07601645146714862 -0.033482423423517746 0.9965442420826237 7.387624759272137
0.9722653135022599 -0.22397501746130558 -0.06734501996109515 190.3078195087617 0.22526183860591184 0.9742235543221633 0.012065250588981745 21.998070376946544 0.06290679000105295 -0.02690088766376779 0.9976567936994489 7.581414915673831
0.9740686880480183 -0.203597342585207 -0.09868289140805636 191.8774301416477 0.20587849163094551 0.9784857660687772 0.013403443011586106 22.190717619296013 0.0938308992186428 -0.03337255898249309 0.9950286602197853 7.698007891133504
0.972878247671429 -0.21313970474002802 -0.08988537962929892 193.4911235281224 0.21339762419399533 0.9769414638881235 -0.0068432539400943345 22.53772327510243 0.08927132348143975 -0.012523673561058159 0.99592860607797 7.807631273406525
0.9940752134667681 -0.02557685588678519 -0.10564229462647087 194.9449254595437 0.029259716925847307 0.9990116631815109 0.033459913220609545 22.937878204326537 0.10468208507867399 -0.036352734013524464 0.993841103896052 7.916169102466929
0.9997188390751297 -0.007586222096437849 -0.02246535182405054 196.52916029144413 0.007541188122143168 0.9999693835667854 -0.002088638496608159 22.64030357239843 0.022480508890621215 0.0019186358087414355 0.9997454403780255 8.084089601164958
0.9981335236494733 -0.016666393483564995 -0.05875117271457172 198.05496590684706 0.017733377302091693 0.9996863051802318 0.017686677600899484 22.694466845572467 0.058437969647722306 -0.018695522548125867 0.9981159657775766 8.25138181574527
0.9900536647770368 -0.10798176416688375 -0.09018691406721027 199.58274490939772 0.1098952835581624 0.9938059819220258 0.016513538314637456 22.67268929446355 0.08784513369122929 -0.026260405621494523 0.9957879410714736 8.356056369068877
0.9764198838480513 -0.1625869444094577 -0.14202005468860307 201.09893410634902 0.166903604079786 0.9857911018887876 0.018949680262948056 22.783047493437596 0.13692113559029495 -0.04220650358044161 0.9896823802029509 8.469791415903158
0.9787883796958233 -0.17691285365024545 -0.1033206174282342 202.65446530296148 0.17962448076805498 0.9835798717678719 0.017483757087748505 23.01248376251524 0.09853097828211865 -0.03567181052909415 0.9944944284672212 8.55921147610374
0.9789271221112701 -0.18554918361022768 -0.08528299980960155 204.17899342620825 0.18645656848188433 0.9824594105548706 0.002730326379138632 23.213753748284155 0.08328047589265364 -0.018574366039094164 0.9963530274261924 8.701468223809567
0.976997418746914 -0.19452067242813034 -0.08739423184612943 205.65358701493028 0.1957879367695283 0.9806273633927374 0.006087526668465492 23.49882089279018 0.08451702537002942 -0.023058234180355276 0.9961552039010215 8.770982613453313
0.9754592972816631 -0.20862070990053846 -0.07040283195553557 207.3627963230908 0.20921723078395557 0.9778685406437777 0.001125860693706856 23.746772363586288 0.06860983668437845 -0.01582771682220566 0.9975180066997984 8.94047372001539
0.9730849955304529 -0.2114541865981953 -0.09161178113973094 209.0282581292156 0.2126673309921666 0.9771181162971467 0.0035767488846445636 24.062050953165958 0.08875921249181186 -0.022963313654852994 0.9957883753206914 8.983543106373487
0.9694749437349812 -0.22398929632180192 -0.09973529266673371 210.59438058144406 0.22557329398441306 0.9742146071893516 0.004752702380626517 24.38464652830637 0.09609902450637352 -0.02710524436638161 0.9950026548792531 9.149599130829632
0.9789217763045843 -0.18645349315913193 -0.08335016955852546 212.1060609676145 0.188718177418263 0.9818255160961868 0.020102374346961344 24.737903620604385 0.07808716532572048 -0.035408344090255214 0.9963175416403044 9.276600304766987
0.9949281492847162 -0.05237842759680958 -0.08587478141675443 213.73104218992157 0.05320076673605105 0.9985570505134038 0.007314047352026956 24.803169523172055 0.0853677701453298 -0.011845555810395082 0.9962790907310848 9.411473984601065
0.9927906605799041 -0.048592856960194664 -0.1095693320129487 215.25106945187605 0.04954155036632121 0.998754333538619 0.00595113645704168 24.796779586215955 0.10914366244825661 -0.01133646727491123 0.9939613400213843 9.538036864767912
0.9922484075073017 -0.051232711016874946 -0.11321796289054645 216.87583527521645 0.051247225746930844 0.9986821168132809 -0.0027841355188592157 24.784959192619404 0.11321139365128793 -0.0030395524679868997 0.9935662743211081 9.728047796080943
0.9925093658280721 -0.06157473486784235 -0.10551640047648034 218.40127025613327 0.06197420923766878 0.9980776218174932 0.0005081500789829631 24.907143372723294 0.10528226884392125 -0.007043639193771912 0.9944174329797242 9.837380027955824
0.994693192508193 -0.05738480108467526 -0.08539576911259254 220.22301041703554 0.05842870328927611 0.9982437405125455 0.009773492694807618 25.054930165986768 0.08468494204870601 -0.01471119070619289 0.9962991726676347 10.048271477323516
0.9879110191294047 -0.11155664094058321 -0.10764262234242838 221.83149802113985 0.11261609969871983 0.9936313257068874 0.003795084007174182 24.961947763240264 0.10653371471674525 -0.015871497598755713 0.9941824094162116 10.188997109551906
0.9820420846253048 -0.1586060924144331 -0.10216384621680018 223.44238937278072 0.1589894699287702 0.9872703329136477 -0.0044315009132259615 25.177070385630287 0.10156619750957678 -0.011891055361050087 0.9947577143836815 10.30887004187974
0.980785656512554 -0.17193643650402193 -0.09218111401765994 225.1703070934904 0.1731393995341626 0.9848838363390541 0.0051553125043023 25.419739235648258 0.0899013031506663 -0.021016439288467328 0.995728911386752 10.511373360400793
0.9803925407798557 -0.17796597263126604 -0.08460838355994271 226.708377376703 0.17865379423692765 0.9839118353176887 0.0005675619147420593 25.679928421922483 0.08314618324354064 -0.015672042214880902 0.9964141203861206 10.660961714714153
0.9783624566770285 -0.18228083946615245 -0.09788053396055953 228.21410869885065 0.18369557186999189 0.9829674285708924 0.005565181406232186 25.836901298878736 0.09519895083584769 -0.02342498521327979 0.9951826112967969 10.770977248273667
0.9774066253640815 -0.1963209029158739 -0.07832235806392678 229.693255695125 0.19699156683415797 0.9804048107267923 0.0008542247866483634 26.08952192249523 0.07661991445193227 -0.01626376899917921 0.9969277198108797 10.88606020239905
0.9818075979412088 -0.153823828304705 -0.11131967692460522 231.29155362681936 0.15483826883525356 0.9879397179089474 0.00047358430196052514 26.3890244886865 0.10990428166825707 -0.017701514728236126 0.9937845366312108 11.090636656517614
0.9800226982410104 -0.1640560736808833 -0.11243271597191798 232.87559510262497 0.16534341934477423 0.9862336918362835 0.002158417557557416 26.454164889761998 0.1105308310463082 -0.02070530790370492 0.9936569959562632 11.241802493297566
0.9806398397959581 -0.16107744989190018 -0.1113533104190436 234.32836571554594 0.1631502477738144 0.9865535519871156 0.009699779015449769 26.796912974562126 0.10829358825110773 -0.02767930992506829 0.9937335430314163 11.446594596960598
0.9798569022204278 -0.16695208800075598 -0.10957851743464565 235.91524020099567 0.16942882377552707 0.9854481940418702 0.013628299000896783 26.93212347279924 0.10570867913765881 -0.03191954216157057 0.9938847106094183 11.566356703753199
0.9762125385012469 -0.17779929324204918 -0.12408259747272926 237.5357318638189 0.18120010274783444 0.9833062915630539 0.01659095345929804 27.152382134174076 0.11906133896914567 -0.0386800762039341 0.9921331812149677 11.761519935518152
0.9733627008078605 -0.18599087030006295 -0.13406136222287382 239.04746706191239 0.18749037338292224 0.9822653495447977 -0.0014638894660103981 27.35000025035003 0.13195610090010926 -0.02371031945506974 0.9909719512612749 11.925071156719609
0.977716860759858 -0.18615617179702895 -0.09703411713291091 240.57682076031435 0.1871532520203559 0.9823299999146295 0.0011964639272048529 27.5339230879802 0.09509679513050684 -0.01933005353326755 0.9952803366822371 12.05403704620821
0.973566406231826 -0.19004838129278784 -0.12668885280417674 242.20106442513716 0.19281766482157842 0.9811851425702115 0.009852113084362658 27.829832709714097 0.12243284195672609 -0.03401953508595854 0.9918935781841389 12.250906581045651
0.990399730618713 -0.05597506392162201 -0.12639290252759827 243.7781795410605 0.05672493720773213 0.9983871055464789 0.0023385844656066083 28.038220393314 0.1260581417011986 -0.009485762884146912 0.9919775023725822 12.46143708470612
0.9907992316704166 -0.05638961192094675 -0.12303289880644613 245.32540196717005 0.05812134007774824 0.9982539998750238 0.010529081682782033 28.009207138362424 0.12222435251977787 -0.017583042993776138 0.9923467358994033 12.627403633065024
0.9861366522579287 -0.10200658902923518 -0.13087841253677285 246.9873183880862 0.1042366995770849 0.994499331151161 0.010285465530062007 28.1080293452504 0.1291093084746469 -0.023785208313451038 0.9913450712696786 12.758291658476589
0.9828545389446457 -0.11724548116338725 -0.1423040843499365 248.65526654425793 0.1210675853384099 0.9924723423751076 0.018474019616585173 28.235215708011914 0.13906687260535797 -0.03538568590875338 0.9896505737766902 12.97169382794202
0.9859826376077616 -0.12360660381403647 -0.11206982568738658 250.38900520117747 0.12703349574193912 0.9916093971888713 0.02394356628211617 28.383065355785376 0.10816990938160262 -0.03784456236083565 0.9934118278962117 13.265294574528383
0.9819879148576591 -0.14038538082180319 -0.12645821414611258 251.99247260031217 0.14442064181821973 0.9892424611233397 0.02328156625854953 28.57036967339512 0.12182944344582823 -0.04112539315502094 0.9916986884873473 13.381821120957659
0.9819386142259972 -0.15192472687536737 -0.1127627387738226 253.56195241503025 0.15441818643996677 0.9879110550550189 0.013666418575145925 28.777990193332165 0.10932328932354708 -0.03083220173656863 0.9935279531787495 13.61014000868125
0.9749572788506154 -0.1667057611078894 -0.14719882346555138 255.14531211421618 0.1714386141397892 0.9849921239779679 0.01998292479093227 28.967738351319746 0.1416584130859573 -0.04471806027558544 0.988905045536303 13.810218667703614
0.9791008926826381 -0.17927043618760496 -0.0960393287001065 256.69926270333315 0.18199407726788946 0.9830896165670582 0.020321457561995507 29.188914282794848 0.09077223026603852 -0.03737534624776556 0.9951700787832143 13.9474813189263
0.975389909247256 -0.18278260415765768 -0.12330873673821668 258.17473696219344 0.1855445827250557 0.9825719993163865 0.01120151689656066 29.391645686663974 0.11911226956117815 -0.03380511465361406 0.9923051352599367 14.208871236402329
0.9717725823239141 -0.1922548910304115 -0.13673370147259364 259.68521800009427 0.19588328773525837 0.9805347389583721 0.013467118543445655 29.67414085528991 0.1314830248721778 -0.03987082355208943 0.9905162954741029 14.317199296021398
0.972071261133554 -0.19872370125941374 -0.12484531963986878 261.1791965199153 0.20244089863292986 0.979134514485629 0.017699861685428822 29.86979705960947 0.11872297940547799 -0.04247932556845467 0.9920183269780533 14.557733139216497
0.9650944312425189 -0.2122147481480699 -0.1534849811972827 262.67893919069746 0.2166153853797249 0.9761789707469297 0.012344710942678395 30.114069002295093 0.14720908124661408 -0.045161020138126735 0.988073868017271 14.739484223208656
