0.5816734767210812 0.801721806651797 -0.13747040124400706 389.7278780168723 -0.7807673015037384 0.5976957134806038 0.18210506579851687 -158.16867032943063 0.22816307190643303 0.0014067074643750593 0.9736219152177756 52.51169791477759
0.5968606399107184 0.7853037928707228 -0.1644850431748268 390.6130222448287 -0.7672124002528079 0.6186034620528607 0.1694546831295617 -159.43721206480362 0.23482442254521338 0.02505413417126738 0.9717148660678374 52.84494528861316
0.6006274265996883 0.7797205627110833 -0.17686870413317307 391.5283556013528 -0.7577123773999022 0.625716217739001 0.18534068089166883 -160.6473568874167 0.2551835565847148 0.022694910088189385 0.9666262429216707 53.17243012684013
0.6721295316971184 0.7263512988946635 -0.14372085170443213 392.2634608230492 -0.7078216545431159 0.6872774204174907 0.16321229348344293 -161.87450683519307 0.21732555758690267 -0.007971071340462182 0.9760666288943738 53.72238194422571
0.7206156920084601 0.6747390506785217 -0.15949996213358636 393.3433991739578 -0.6495158642914302 0.7374525730199708 0.18518327294866885 -162.86860449980378 0.24257404326292753 -0.029848216624649843 0.9696736139028448 54.09449939733583
0.7303403188383757 0.6634809751404718 -0.16246850250343417 394.44010886953873 -0.6413099406868656 0.7478993171338306 0.17137144279884697 -163.9120484934048 0.23521177405748303 -0.02096680846954109 0.9717179705487252 54.49040905340685
0.7409112427816402 0.6488163605206659 -0.17345852714837262 395.578146832834 -0.6207866337233899 0.7601674477897841 0.19175350508177857 -164.9294713156876 0.256270337163994 -0.03439159259882067 0.965993132816362 54.84975832534792
0.6481552515149882 0.7400658383531694 -0.17943613024182956 396.78533292935253 -0.711073895854884 0.6725127567272073 0.2051840799694988 -166.0394614065754 0.27252281476474594 -0.005398790771319856 0.9621341738504602 55.31429380131249
0.6571188201980926 0.7327053585985492 -0.1770246130413456 397.75001858738716 -0.7014120020396666 0.6803715552885585 0.21240468485637176 -167.19369676100465 0.27607256208499525 -0.015407927673739191 0.9610132861873593 55.6766652944386
0.7506872536960592 0.6450574468142339 -0.14272188846764364 398.8315117512235 -0.6208034854573176 0.7626422462537029 0.18160351503523425 -168.36989038806874 0.22599044135165272 -0.04772519815158732 0.9729597246952604 56.127915990072786
0.5011229270459416 0.8426462250978034 -0.19703591377545818 399.80870516528387 -0.8191200883323165 0.5353217856568857 0.20608946283490825 -169.6612742097599 0.27913812509108393 0.058119920247237 0.9584904704748447 56.505583283697085
0.29869641507029854 0.9351335039943904 -0.19054076028851416 400.5423612462647 -0.9222269897648736 0.3341947955055612 0.19445106841109336 -171.04567480861266 0.24551543937881284 0.11763999474740386 0.9622281437696879 57.04452035355643
0.27346384166486615 0.9396693024242261 -0.20552160320380122 400.8602340921169 -0.9196755759625351 0.318024770385132 0.2303412260092902 -172.55021709117173 0.2818055398317638 0.1260232022409039 0.9511591823754194 57.418239375099915
0.28786343565244565 0.9393973047322676 -0.1861916922854546 401.4098227064653 -0.9300118497155868 0.32060397883907565 0.17969710109277331 -173.9740208798644 0.22850076980825065 0.12143225524672041 0.9659407878243532 57.82685156430628
0.2782144238104918 0.9398380207367022 -0.19824537614157398 401.62374634128804 -0.9246005038711239 0.3179582678941346 0.20980097263603312 -175.4213569982162 0.26021268728688046 0.12492811795380507 0.9574352838283433 58.200243560295256
0.3758891665401908 0.901411157359089 -0.21486102453974426 401.9153055900363 -0.8798444029318038 0.41994048439719256 0.22253947109182512 -176.9053642146353 0.29082840491825884 0.10539409353848586 0.9509526402192183 58.51495703793997
-0.016643095759458548 0.9776290253722846 -0.20967712348556009 402.6744479498816 -0.9713096878555791 0.033948219044249384 0.2353826856453581 -178.3015655486765 0.23723511047363824 0.2075789179405292 0.9490155400124909 59.05423647769486
-0.35197529016755635 0.9233097679403801 -0.15366348797728852 401.9912999125984 -0.9068424908761681 -0.29571770724755275 0.3003127276053385 -179.909446517034 0.23184066048252205 0.24505123963394365 0.9413818556254925 59.12079241342709
-0.16197712872393533 0.9665481681665442 -0.198866911235248 401.3644487343494 -0.9688008672204178 -0.1174511872672439 0.2182432090180164 -181.21929394801782 0.1875854190584025 0.22801284442639 0.9554171096088192 59.532047947691694
0.1173483357041244 0.9734844800681912 -0.19636021790025485 401.2121249842884 -0.9661682125700655 0.15764083302551002 0.20412827531282418 -182.9596075792989 0.2296700962829881 0.16576288737044453 0.9590486494667392 59.88917222429396
0.03908026875474224 0.9798462196983417 -0.19589312988700291 401.48689779577813 -0.9725090096240194 0.08233542288868101 0.21782356240281067 -184.49614436542254 0.2295625378718536 0.18199523037874135 0.9561269671571986 60.166314181723756
-0.274003959241633 0.9424325026209576 -0.19168413685933644 401.30806205296943 -0.9467675938012433 -0.22931015097125318 0.22593799589565566 -185.98329512731468 0.16897619254709761 0.24338823444271157 0.9550964420869476 60.47365091350002
-0.34811884275291893 0.9210783185525504 -0.17443624168381686 400.7486968743775 -0.9252688626784495 -0.3076949761748411 0.22181373581113595 -187.53997384654917 0.15063466758384988 0.2386179639699627 0.9593595072717697 60.67046465150668
-0.44093047447611133 0.8794878154210527 -0.1791130905438685 400.07011568462786 -0.8859264985531118 -0.394469831384038 0.24398317829160318 -189.06969639740117 0.14392552184965354 0.26626065171886204 0.9530953307547738 60.85078640185718
-0.41074963696176714 0.8894135651869032 -0.2005698028051545 399.30066493441467 -0.9060514901306204 -0.3736314533542644 0.19867117127671624 -190.37122190922815 0.101761647824014 0.2633306801834952 0.9593234699027431 61.059581229073515
-0.07372834254257254 0.9790803817439432 -0.18964634873906652 398.9032807427472 -0.9769215971611019 -0.03267922420758129 0.21108354105754543 -191.91027333356206 0.20047025840789182 0.20083245352613008 0.9588941553187963 61.28589272389885
0.06118171864771682 0.9805871552145946 -0.18629446672260488 398.88597772811124 -0.9666646635339085 0.10470416517750336 0.23365886687510362 -193.49507457524956 0.2486286901751021 0.1657886269399389 0.9543049332363229 61.63784859327207
0.012098906534511844 0.9794204458167891 -0.20146763208195864 398.97179929779287 -0.9773257568158934 0.054178474034074164 0.2046925939441399 -194.96648776317923 0.2113953204896233 0.19442294943596922 0.9578683287423737 61.96929509371918
-0.09003490772041345 0.9800538043234954 -0.17716731081895593 398.8426641721125 -0.971166477513322 -0.046966320763348834 0.23373026690679288 -196.47632351613228 0.22074734051884531 0.19310283619097396 0.9560240092742749 62.32704334828908
-0.13165275560800183 0.97436160339455 -0.18244730135362655 398.6184357606958 -0.96530150652532 -0.08413865229210327 0.24721182959238788 -197.95266934170132 0.22552284460951397 0.20866277344286846 0.9516298090845847 62.63935263351889
-0.045937332429659694 0.9837778973968889 -0.173409371380567 398.3861078730317 -0.9694904317942097 -0.0020630846681344295 0.24512047311705581 -199.5183037528885 0.24078634543662175 0.17937890699580195 0.9538580311431399 62.90266382056151
-0.021883238144436046 0.9825165040562691 -0.18488494569694125 398.25125280203923 -0.966348787523241 0.02662216504977677 0.25585402318592587 -201.3713426336233 0.2563028379489305 0.18426225762512916 0.9488710532386446 63.408416397389246
-0.02105727697907578 0.9825285592933716 -0.18491679550305318 398.1834284838719 -0.9663239431444924 0.027444335216976756 0.25586098837098625 -202.83557152838634 0.25646564680655815 0.184077262684422 0.9488629687002776 63.73503031738801
-0.017467934260056994 0.9816212895681796 -0.190038193895833 398.11772104715163 -0.9693626531405465 0.029949230252981462 0.24380133367882637 -204.30979904190443 0.24501207719009863 0.18847463350211827 0.9510238664498569 64.08433461437393
-0.02034150318753203 0.9805185770730603 -0.19537027220816594 398.03302531431086 -0.9655567096158427 0.031433098108261115 0.2582870512804382 -205.76980624463766 0.2593963449316488 0.1938950240669875 0.9461068945305089 64.442543173743
-0.030594086119123842 0.9815030180411942 -0.18898631556428383 397.92069573002135 -0.9660804019537595 0.019468981724474754 0.25750653527915535 -207.33169960753455 0.25642281266571915 0.19045415282067094 0.9476151944845345 64.7986882949303
-0.1749369767791782 0.9656839944852915 -0.1919673851212561 397.7000163394228 -0.9625050133895865 -0.1266779038920418 0.23986831359191782 -208.90895247755134 0.2073189652570967 0.22673140819138846 0.9516363355737719 65.16109065341362
-0.17934036456445734 0.965178448013317 -0.19044053436307135 397.3244717474725 -0.9554491587591867 -0.12475276725310902 0.2674951440476142 -210.6069158832325 0.23442256432402103 0.22992892500356774 0.9445521429664188 65.50108339958025
-0.09644157842345602 0.9745640228978395 -0.20229678006426907 397.03726693821494 -0.9707250775193456 -0.047174210655366755 0.23551521760621566 -212.11732456144674 0.21998146700631935 0.2190880168384889 0.9505832920115552 65.85939353225803
-0.09802779568759212 0.9759315846283098 -0.19480270377360734 396.85995796036826 -0.9701074783620939 -0.05004421225352651 0.2374595907641205 -213.7020039371692 0.22199556684441082 0.21225719998341663 0.9516642524318273 66.18775301017567
-0.08338931929329685 0.9776192965646797 -0.19314950792632538 396.67276570329375 -0.9701999271968307 -0.03539736865590459 0.2397063360854332 -215.23880113350054 0.22750455532816324 0.207382586724679 0.9514379328302587 66.56538403669154
-0.09410507885036457 0.9769516626860417 -0.19159771112814922 396.4213978255616 -0.9619080365423884 -0.03960833176350409 0.2704886490965558 -216.75096645425523 0.2566654697650897 0.20975373376865367 0.9434650008348877 66.93535959763977
-0.09460821798938013 0.9779521876846714 -0.18616875057763926 396.27877494782985 -0.9598649973696617 -0.0400141381357797 0.2775933276824035 -218.35817566268278 0.2640236199914952 0.20495947734129313 0.9424877403630089 67.296567250612
0.04288055678842462 0.9819083652409832 -0.18443757783948178 396.07206076193256 -0.9694446498289946 0.08552332097058313 0.22991918686377877 -219.92536184031388 0.24153328707955207 0.16894296031484357 0.9555730989268189 67.70237283187188
0.057955232224320974 0.980716320231609 -0.18664589545231558 396.12045146316274 -0.9639162848431878 0.10362919149316752 0.24520682389480591 -221.4888436193732 0.2598202972670359 0.16569999970381455 0.9513342857409403 68.11416428200445
0.006698631338574623 0.9817391207347129 -0.19011424764394272 396.16882761570776 -0.9682125649901622 0.05390568088556391 0.24425111374041794 -222.9488138126094 0.2500391116072857 0.1824348551875334 0.9508932465210503 68.52511022208209
-0.10201352480072634 0.9763807318152479 -0.19045710093785598 396.02683062337996 -0.9663754057392494 -0.05184012499712942 0.2518554677242151 -224.4886477874969 0.2360335059690313 0.2097457221976245 0.9488387197410127 68.83311502509423
-0.10254909980403193 0.9779434254165794 -0.18196246539841798 395.7129846140081 -0.9665616149885975 -0.0547415681695691 0.25052346226445776 -225.93020771288337 0.23503686213021463 0.20156888995781103 0.9508562751757799 69.24260552328924
-0.10428184404615748 0.9773762585680581 -0.18401344024238342 395.56832622050854 -0.9633617802212842 -0.05329785303144807 0.2628562711276186 -227.40364389716763 0.24710195752201325 0.20468265204883024 0.9471249307979632 69.58409454976491
-0.10556540953471649 0.976417566456707 -0.1883206845371201 395.34799736810777 -0.9623562167990283 -0.05261672962513542 0.2666495673197627 -228.84994199189126 0.2504525030779865 0.20938055229251193 0.9452160218826455 69.94074857794193
-0.10920589898866662 0.9744221619720925 -0.19640652199891456 395.1393587247269 -0.968418030781431 -0.059741026170215594 0.24206926167844003 -230.4130356796331 0.22414412614095558 0.21663900860593546 0.9501720637162223 70.30963216587142
-0.10818103799447076 0.9751806259123584 -0.19318284049992612 394.86800795433294 -0.966062852631867 -0.05727269451679784 0.25187775453097394 -231.9778135733203 0.234562204507075 0.21387516290576283 0.9482815968417897 70.69248980764125
-0.0900744329026617 0.9787200450848427 -0.18437372341629052 394.68630193724374 -0.9638536827967773 -0.03905731686171032 0.2635537974658169 -233.4535347142831 0.2507442416015825 0.20144875117182257 0.9468609855490722 71.06239310582862
-0.03715116853521061 0.9819831376676573 -0.18528061963640746 394.48139697928843 -0.9739671657160534 0.005909277262689083 0.22661209268101826 -235.01128902535513 0.2236241283571746 0.1888761440166952 0.9561997968196179 71.45061113986958
0.053447955220379706 0.9800294812653626 -0.19153467553815126 394.429218112195 -0.9720713304245846 0.09495810897561652 0.21461660258785487 -236.48684812844715 0.228518368297471 0.1747145483081461 0.9577338784652769 71.75867949783762
0.05294979495719032 0.9788457961639926 -0.19762901240979647 394.413109705327 -0.9719991031754326 0.09589267777967336 0.21452817477990851 -238.057669134367 0.2289411772489754 0.18073599995663206 0.9565147336447722 72.24668794845402
0.022867515246811854 0.9791621838294151 -0.20178824174080953 394.4251052235281 -0.962289460079248 0.07628418929059522 0.26111246137376504 -239.54670474739 0.2710647003333818 0.18820770500350725 0.9439818790689187 72.61625868104367
-0.0452828986528111 0.9834995148973469 -0.17515182924046854 394.3830513233288 -0.9795506335774211 -0.009308048122201651 0.2009823785764002 -241.0461941732976 0.19603575017754263 0.18067114998482128 0.9638090683405559 73.0231583188642
-0.08432187992669782 0.9782088415914079 -0.18972949901906053 394.2166605615642 -0.9625593676820079 -0.030736116650275536 0.26932277070621785 -242.6042281903809 0.25762236753286955 0.20533570893942626 0.9441758111607723 73.4015041017941
-0.06991223958407744 0.9848781711827727 -0.15851582471165174 394.0552435667363 -0.9678988818797988 -0.028515061366103378 0.24971713143299176 -244.30477009524625 0.2414208632495818 0.17088557341965385 0.955256032477609 73.72454361724144
-0.11676117004040631 0.9777743602396062 -0.1741382486096144 393.8785055734936 -0.9642019106887622 -0.06956897513657889 0.2558805055540305 -245.7853581976852 0.23807877812802958 0.1977813392524042 0.9508948613009695 74.38650964588146
-0.24682080167121456 0.9564541492836777 -0.15580421104840306 393.4458921623066 -0.9418370013582934 -0.19892410581807285 0.2708731492726772 -247.34786648303447 0.22808453418589522 0.21359929878751144 0.9499225151677828 74.5549685137759
-0.24757614760309532 0.9521396468384331 -0.17926556851887307 393.0110353614523 -0.9469030376380891 -0.19861051504069605 0.2528408602798005 -248.76881970135167 0.2051357805205383 0.23234447751916532 0.9507551500342113 74.84679235465343
-0.2530582334990057 0.9521032900874337 -0.17164164839294485 392.5784378636879 -0.9389848787389338 -0.19899496391247395 0.28055017703987156 -250.25108852402485 0.23295692296644213 0.23216444461234315 0.9443679064325775 75.21878406720678
-0.1274247178691459 0.9735095050810415 -0.18984779375287536 392.1897685355052 -0.9672912349912762 -0.0796433903589071 0.24084143555707008 -251.7824982678755 0.21934130478553332 0.21432725885664758 0.9518157479922127 75.57751517186897
-0.016610462866243125 0.9833299910675531 -0.18106965839271627 391.8187862653596 -0.9597463959463007 0.0351012694863333 0.27866603013021574 -253.49941518538608 0.2803764397938166 0.17840972380319858 0.9431643666196315 75.90524421602821
0.20006009727996743 0.9601683745250713 -0.19507088465020128 391.71118768210124 -0.9309080412490589 0.24837227935616413 0.26780856891679883 -254.93128198586095 0.30559151855732214 0.1280152467845364 0.9435178431680686 76.42082474094227
0.020947497825380523 0.9723054823571907 -0.23277296087175997 392.95206673714483 -0.9369167698546866 0.10034670253217737 0.3348395222430863 -255.6991491046345 0.34892430224894794 0.2110748404454424 0.9130713241751796 76.8257373947631
-0.12739131918649593 0.9748563730733292 -0.18282916527249765 392.35895294560504 -0.9533629889794236 -0.06949774762296679 0.2937159755947127 -257.06692483896984 0.2736246754957304 0.21171942507396052 0.9382453954090091 77.2585479630834
0.15112716773598778 0.9756406650594308 -0.15901531955912315 392.2583259994672 -0.9327752200267524 0.1940020691198281 0.3037985946005496 -258.65376571886407 0.3272475638964212 0.10241332852523083 0.9393724192588586 77.65383541116154
0.21724305400017851 0.9585056858002944 -0.18458685158261667 392.48826800110504 -0.9226024098040381 0.26338207370217315 0.2818415808146927 -260.17534236242346 0.318763625453811 0.10907214832784046 0.9415375815901839 78.15489791583396
0.21183196493399337 0.9595054838281495 -0.18567833782084603 392.84848808799774 -0.9176808048164841 0.2606311324446089 0.29988890154857467 -261.66780481709225 0.33613860103173715 0.10686739121148962 0.9357297695339596 78.60066713375015
0.21418990446142294 0.9606731431445246 -0.1767195429702838 393.09003811159533 -0.920678869511933 0.25899062244532256 0.2920175965924198 -263.0952673499467 0.32630216680407653 0.10015472792736163 0.9399446400787447 79.13769909200323
0.23241179770060094 0.957129668403074 -0.1728801728139959 393.36885410460525 -0.912799309720019 0.27601822797665454 0.3010172054871364 -264.51041390751465 0.3358305770239397 0.08784495254281638 0.9378171931930647 79.56118747996915
0.051140770947423086 0.9828662696942854 -0.17708336297953994 393.54332978692486 -0.953535577926401 0.10077009361528255 0.28392831817437936 -266.0015953976595 0.2969082740097817 0.15433497377460328 0.9423514167732359 80.10763538043975
0.0484085496222838 0.9823588329872668 -0.18063149109543894 393.54131925425685 -0.9519656730025954 0.10011959610432575 0.28937419356366545 -267.53229387844493 0.30235404701803137 0.15794679397759695 0.9400185320109474 80.62702900823646
0.07642532986760853 0.9785982854663645 -0.19106167757276515 393.5722493568005 -0.9390227704254378 0.13507240088450623 0.3162146156360121 -268.99102451261126 0.33525424020758166 0.15524445948756838 0.9292490259458172 80.9967299342303
0.0986826911243498 0.9807305240710239 -0.1686100994241751 393.7364733143813 -0.9378908021597586 0.14829392684913434 0.31363952952998003 -270.4552730410269 0.33259971391536064 0.12718706858418305 0.934452181702404 81.60096059743141
0.10625330028769464 0.9799391822614807 -0.1686103058732572 393.87626889206354 -0.9384847760387722 0.1548649429135126 0.30864733045962023 -272.0316405944071 0.32856743801148114 0.12544340765897136 0.9361129152797095 82.11702453641007
0.10212195762960896 0.979717129792735 -0.17241070546976442 393.9760458802041 -0.9471493697307443 0.148744903739921 0.2842235476347023 -273.62346943914315 0.30410389209701116 0.13427322593163205 0.9431285827549509 82.59814372295432
0.04273362065167696 0.9820120297552697 -0.18391903403925922 393.98459728702585 -0.9544585122465825 0.0945316934190149 0.28297121291639166 -275.074242094349 0.2952673128980569 0.1634507031348259 0.9413294224545901 83.05554528935934
-0.056442866100653744 0.9806138509117505 -0.187645085910531 394.02555629833705 -0.9517391027598293 0.0039426243259701454 0.3068829353211729 -276.59994384992206 0.30167347106475667 0.19591051812868848 0.9330660136036947 83.53076515494043
-0.07924453398596754 0.9750513501596342 -0.20735276314826656 393.93643407069436 -0.9479069223746382 -0.009325727995101785 0.31841089383311394 -278.1388616823071 0.30853325646936025 0.2217834424596112 0.9249969374561066 83.96016809885384
-0.08613664465182946 0.9730231686655001 -0.21402427826831755 393.711714050214 -0.9473664015797157 -0.013508225180986155 0.3198662673842938 -279.75079825185264 0.30834620089442516 0.23031161736353978 0.9229730111446192 84.5163705113929
-0.09485685155796708 0.9733445618826044 -0.20881221603649244 393.50631376542486 -0.9340261488950787 -0.014456543775193342 0.35691198007674674 -281.2678015391905 0.3443796319365272 0.2288916167002123 0.9105005749101014 85.01418892216421
-0.06854072508585851 0.9855925796661165 -0.1546267632455483 393.3009102384031 -0.93982851257231 -0.011790159220311569 0.3414430539660736 -282.7183345636168 0.33470066620911304 0.16872539539929904 0.92709611421175 85.40271628541515
-0.06708532139737455 0.9855738504539082 -0.15538257609677003 393.213445899968 -0.9440786661410727 -0.012314426132634448 0.3294902533403937 -284.21297708180884 0.3228235304160834 0.16879733472564498 0.9312853633549787 85.80912884067628
-0.061976136273796056 0.9858296269997606 -0.1558810606266355 393.0026366501184 -0.9520513449917141 -0.011511369858724141 0.3057216460498732 -285.8362770953128 0.29959505174825585 0.16735421982575946 0.9392738525448642 86.27790523363643
-0.07415152431918282 0.983100576654298 -0.16737624569552179 392.78527534873626 -0.938493112487524 -0.012034507955864138 0.34508817486511906 -287.4002389271227 0.33724209294603247 0.1826702679700402 0.9235254971819312 86.91816232775633
-0.05858510402262129 0.9817193531152487 -0.1810936147566686 392.7256923028015 -0.954484697963404 -0.0019422752001061472 0.29825356480812926 -288.8994677740737 0.2924495630709141 0.19032430030352168 0.9371498886376748 87.51084611723009
-0.22517986561947123 0.9576721811750467 -0.17932657784897574 392.4626541854885 -0.9356229966354267 -0.16118858250763313 0.3140507109307727 -290.4303501166645 0.2718522324472261 0.23849996702852577 0.932316539293845 87.61619945302142
-0.30417368522175625 0.9365918539184853 -0.1739944493141959 391.9855480591564 -0.8995932896674516 -0.22232462142340892 0.37590381202407375 -292.0138883547367 0.31338519812509996 0.2708642868347031 0.9101770463561578 88.26901097284059
-0.2931949955277293 0.939232868304443 -0.17854499067210872 391.43734597646096 -0.9169457892690737 -0.22338847388957794 0.330617617913808 -293.31905819945 0.27064204059829694 0.2606515083975037 0.9267220063378747 88.8218514091804
-0.2964199483046914 0.9409037035582071 -0.16381524616925816 390.841150068206 -0.9141636583916481 -0.22986871925172037 0.3338640106174561 -294.79880023101276 0.2764778832439283 0.24871789750644047 0.928277645716481 89.1257705453858
-0.29518826891154415 0.9373462739882917 -0.1850563388194848 390.35951851844925 -0.922286767948404 -0.2289706443785826 0.31138330347040616 -296.197502281423 0.249501510144312 0.2625917109375748 0.9320915136308157 89.5914230319194
-0.2512291490728711 0.9538095951716512 -0.16471542373017767 389.8003392503854 -0.9162164882990613 -0.1794607893700335 0.3582473609778873 -297.58443706415045 0.3121398103815938 0.2409171667548316 0.9189818591994987 89.99558818553479
-0.09444061217159105 0.9786462268158914 -0.18257199542009112 389.37167436641977 -0.946842401282182 -0.03164808343381975 0.32013726110710267 -299.2057110785717 0.3075230689019059 0.2031008654683299 0.9296126077776532 90.3860689058047
-0.03690556113535459 0.983704304816725 -0.17596539501370134 389.23685594073885 -0.929936716732697 0.03066040406699977 0.36643913886873425 -300.64410508136956 0.36586292847143687 0.1771603237395204 0.9136512120403565 90.93845836051288
-0.13042776646041832 0.9773870749471657 -0.16644249295889046 389.0831633308152 -0.9340605504922775 -0.06484269550292843 0.35117846297000915 -302.19407982025393 0.3324447108170171 0.20127078915266933 0.9213959972149063 91.4360778623748
-0.13421675051588666 0.9761758352506419 -0.17048930334090645 388.78881267882275 -0.935244889009709 -0.06791096848646405 0.34742639211845594 -303.6393541671127 0.3275711548078873 0.20607969097400614 0.9220782502075869 91.83694902161332
-0.11621685892335787 0.9770663366959891 -0.17842369628911053 388.54098092079147 -0.9349045960113267 -0.0469631571572644 0.35177813778960204 -305.1848873339645 0.3353312363304178 0.20769168390983422 0.9189217193949717 92.3395243154146
-0.10690512046805933 0.9789425929542976 -0.1739042694059743 388.33880617427735 -0.9438813470891676 -0.04494870897780401 0.3272118826973843 -306.6526255405897 0.31250487649770814 0.199125621809813 0.9288109005088213 92.8544987912477
-0.1105883726914847 0.9791245772290347 -0.17054405322822952 388.0899343571658 -0.930874602437934 -0.04192433181970201 0.3629253710303118 -308.14151567886864 0.34819920499832746 0.1988904539376775 0.9160785451974068 93.3497841842068
-0.09976570967033416 0.9810290382403365 -0.16621922061908173 387.87717090086187 -0.9303178787835565 -0.03271590852656803 0.36529209373451416 -309.7223016752473 0.35292413857603794 0.19108033770778615 0.9159327797124852 93.88979765560491
-0.0927719876470452 0.9797819389762824 -0.17725887950647978 387.6847319488547 -0.9403243368756683 -0.027677639691141342 0.3391520156809657 -311.1579512918549 0.32738891213257537 0.1981446449364796 0.9238805116981553 94.39484936061308
-0.08863743581711447 0.981305457925908 -0.17083033459134384 387.4882273271088 -0.9367105365844737 -0.023802459279048893 0.34929473741225514 -312.5544172782735 0.33869865016470607 0.19097916424859754 0.9213089510036865 94.94554803810237
-0.07782874783878979 0.981920362437986 -0.17255459379425564 387.29269126545137 -0.9323593536836363 -0.010393903565136808 0.3613834561339395 -314.1167882970853 0.35305625841851107 0.1890089114257132 0.9163115789911139 95.51543951264755
-0.0701196235686048 0.9820986131476609 -0.17483006733407774 387.13950243987244 -0.9332420576986206 -0.0026809380377492698 0.35923818604608587 -315.51684791161915 0.3523386157278841 0.1883484181634631 0.9167237169629024 96.06592367187811
-0.05753952125763995 0.9817404728540801 -0.1813142229768232 386.98727679094105 -0.9390140522355076 0.008455231743476621 0.34377480821086326 -317.0830710466108 0.339030696541911 0.19003724113028908 0.9213815896716707 96.60333080981958
-0.05814319502818366 0.9823711486625617 -0.17766906074866845 386.8227470167682 -0.927631810030993 0.012607638646334851 0.3732830996259909 -318.4942760592713 0.368942534672459 0.1865153444710726 0.9105456783634188 97.1261236722794
-0.08963705478731665 0.982844924316723 -0.16118639258297027 386.6628499114818 -0.9134002432275186 -0.01660092485911724 0.4067239911361666 -320.0444476474985 0.397070767094439 0.18368523086703975 0.899218850936943 97.59145226655365
-0.0775318080617291 0.9778141523506816 -0.19459779598288704 386.4444347102984 -0.9459500116176751 -0.010496665499548419 0.3241425543397701 -321.5593590384247 0.31490854904114535 0.20921114567849558 0.9257771342308536 98.19833511573643
-0.08079211171904666 0.9797154556650356 -0.18338555181646138 386.2515177046053 -0.9353664545461815 -0.010963986874163334 0.3535100942003334 -322.99953221611725 0.3443286662386425 0.2000935204420028 0.9172787758819253 98.65419740665487
-0.09899005362609703 0.9760544649334946 -0.19369731739622179 386.0616908285749 -0.9294042756953127 -0.021138750473459256 0.3684573863388988 -324.49612747304536 0.3555399578139906 0.21649673141137957 0.9092417190636464 99.21833299114714
-0.0866417388218923 0.9803823900738109 -0.17704117692525997 385.8951722895609 -0.9283548631873237 -0.014976174430837208 0.3713932716082273 -325.97218702465204 0.36145602372953245 0.19653519642186068 0.9114403214018219 99.7074639537991
-0.17277153463317485 0.9683058999666108 -0.18037095362155575 385.6517271950097 -0.9305304365741558 -0.10043016199926447 0.3521745152192479 -327.443018192176 0.3228979768125041 0.22868639367188703 0.9183895850453326 100.31655130218611
-0.19906825930789673 0.9643259715367687 -0.17449140023448695 385.31343194777924 -0.9289652295830897 -0.12898617219116693 0.3469671016236394 -328.8841323832617 0.3120824095679894 0.2311665806364288 0.9215023503144738 100.69585067752904
-0.1021488265075059 0.9812544127056265 -0.16341785333578263 384.9350018346031 -0.9491017790403015 -0.04693237639007042 0.31145331121841613 -330.59420210982637 0.2979453477832374 0.18691476558077663 0.9361043959635106 101.3286428412232
-0.05684313315876244 0.9782181797288932 -0.1996448122556314 384.6410277089527 -0.9454793681967418 0.011486455646361748 0.3254793782269079 -332.1089084558524 0.32068305618941834 0.2072613185921947 0.924232180400812 101.85237145692412
-0.027960667720364762 0.9750818479059487 -0.2200763298152531 384.61556808249566 -0.9332838348325734 0.05339498230743944 0.3551482218800964 -333.7684524747193 0.3580495562081279 0.21532386246932533 0.9085351669310626 102.34978492165392
-0.05253220040185269 0.9805772651039418 -0.18896717990755263 384.4775574331939 -0.9474727703292055 0.010841601714791982 0.3196526382762363 -335.35731306388425 0.3154928167258966 0.19583331390121445 0.928500724695909 103.0090544440656
-0.06371452709146919 0.9861801847855663 -0.1529349606003057 384.3065538897518 -0.937129071300424 -0.006435046389783761 0.34892362187385184 -336.79110689371026 0.34311741832952153 0.16555130115546637 0.9245881266405146 103.42537455392207
0.0026728440769556716 0.9880653172909186 -0.1540122874037531 384.11942805987513 -0.9320906173286294 0.058247625487402366 0.3575112518691037 -338.28030114794774 0.3622153185502715 0.14259783621035518 0.9211220983754814 104.02988775469944
0.02142170828172596 0.9858382707076424 -0.16632502644658592 384.15168746561056 -0.9220439803989294 0.08379376998327426 0.37790673759816495 -339.69692884004775 0.386491925691069 0.1452635815342408 0.91078124884928 104.5478512283307
0.022605958107928426 0.9861490787613322 -0.16431361817024964 384.1602107316107 -0.9304652071378251 0.08087060850949779 0.3573435923383376 -341.2023055225684 0.365682196673542 0.14481001048780967 0.9194055644265665 105.06178473760724
0.021468230780882003 0.9848964917661986 -0.1718080777314413 384.1033419420367 -0.9274944804971446 0.08377173456316356 0.36432991249087787 -342.5989649892221 0.3732199133412774 0.15152952515900345 0.9152844909046675 105.6735551527871
0.027088930804928912 0.9869842438927799 -0.1585190592176329 384.08856988832537 -0.927567106708335 0.08393718530570604 0.3641068682072395 -344.250588040549 0.37267338566172703 0.13717379935816162 0.9177678880790461 106.34147612867869
0.02056936090754946 0.9857644975290613 -0.1668689809495233 384.0791317028605 -0.9347592757884354 0.07817281753582817 0.3465748215407316 -345.7636228063083 0.35468577321248007 0.1488535051981897 0.9230604727052706 106.87029994570463
0.009055240040572121 0.9885283708861519 -0.1507635983285704 384.0329589585723 -0.9216593468994936 0.0667359310040333 0.3822176916180416 -347.21492263050885 0.38789438111502345 0.13549160662637288 0.9116907225771234 107.42303466945822
-0.10324834155029738 0.9835975913677019 -0.14790388170284247 383.94215723005766 -0.9271831017761826 -0.041340575686857894 0.3723203628363298 -348.693252313426 0.3600989804870464 0.1755754397902351 0.9162434115422906 107.99856336797676
-0.16914306083422015 0.9746100145169124 -0.14671722657880265 383.6423610077576 -0.9242826139012478 -0.10517069089300857 0.3669342930511739 -350.1656281979512 0.3421874845921588 0.19767257113831344 0.9186039843197173 108.50050049135051
0.03764550625280694 0.9828325521258668 -0.18061835549224858 383.3495022265869 -0.9067945829006395 0.10954552725178612 0.4070913434122404 -351.6055446529151 0.4198885569779489 0.1484585866189041 0.8953511309972714 109.00291068782253
0.011233641745894918 0.984444531736374 -0.17533616063857488 383.4796529013298 -0.9326487027365288 0.0735514740862867 0.3532089720598899 -353.0114879657947 0.3606108741801815 0.1595592197088139 0.9189671663497667 109.60751017406787
-0.1281401322126423 0.976991714915322 -0.1704913355667813 383.2526556027906 -0.9174336799016085 -0.05147805660898763 0.3945446142959689 -354.5119435576444 0.3766902567079742 0.20697149242004365 0.9029215092280726 110.14268874828132
-0.13698818393898637 0.9743821652558514 -0.17836376731953468 382.9369793945867 -0.936488356107339 -0.06870830396542704 0.3439022067995033 -356.0606666652337 0.3228371049561563 0.2141461300082566 0.9219097779425135 110.6696796120777
-0.10252920716135283 0.9784618330841908 -0.17916529484358834 382.6913030499831 -0.9326652296962199 -0.031934337014905445 0.3593268253764475 -357.4908665364841 0.3458660593272517 0.20394273538653923 0.9158515325578126 111.15021235151121
-0.09118189540147359 0.9819591432234878 -0.16565658148950343 382.5042805168787 -0.9296262297435514 -0.02429099723592576 0.36770235303309384 -358.9160724693887 0.3570447239825628 0.18752650077543176 0.9150698752462226 111.71567783798746
-0.08635108156878202 0.9815884654681035 -0.1703748079144191 382.31048400118783 -0.9238334897284006 -0.014878692862540177 0.3825053042180554 -360.3494216745461 0.3729278401623382 0.19042770008240892 0.9081090887515539 112.18805161715808
-0.033671711048858466 0.9836398917572852 -0.17697112538139742 382.1534221289599 -0.9360540925012152 0.0310148608649381 0.3504865394237773 -361.8188411147434 0.3502412765320054 0.1774560276497945 0.9196958227935945 112.77316722861364
0.08811827405292527 0.9786447814913725 -0.18571365441894017 382.1521094735008 -0.9167063316262466 0.15261560833231225 0.36926681092363045 -363.43461420301537 0.38972383983313563 0.13770572883167295 0.9105780916059063 113.43524178335535
0.42747436694362084 0.8881161296646736 -0.1688650521439867 382.1612008174172 -0.8086006020297059 0.4591518464798361 0.36789216935313285 -364.91310012300596 0.4042656700776702 -0.020720089372340517 0.9144068820241099 114.03439412817562
0.953015146350491 0.25671619184686256 -0.16080711324502092 383.49311669385173 -0.1875938033975192 0.9169683921195108 0.3521044344801867 -365.7474235744378 0.2378459496258136 -0.305394441169783 0.9220431332368302 114.47202957286358
0.9567834995250891 0.23457765833064534 -0.17186813913182064 384.9324783202349 -0.16264551209520237 0.9215993377981723 0.3524217614808423 -365.33100907933976 0.24106383476542725 -0.3092377447564921 0.9199240429438212 114.73058205522682
-0.9622742592881874 -0.22259572166190353 -0.15645892307307663 383.4210071955473 0.15254028580505533 -0.9175403761035315 0.36722080472966473 -365.1779010436751 -0.2252991591592889 0.3295008390241319 0.9168803007833195 114.24270664937966
-0.9849392512661936 -0.0176542524309898 -0.17199708917970816 382.2275945592891 -0.04494547226600056 -0.9344326426087652 0.3532924297943353 -364.22879030012473 -0.16695680830075713 0.3557020716812064 0.9195659086567542 113.87219833478255
-0.9818027934147566 0.10477107053252814 -0.15838654495395038 380.7582779046967 -0.15253459460367588 -0.9318987807324641 0.32908640190448474 -364.61226990609015 -0.11312149350178324 0.3472573760898619 0.9309220388728103 113.87686562906612
-0.9898502987413236 -0.05176254440918919 -0.13235189865656768 378.9798295710714 0.002451312452503362 -0.9373883185444072 0.3482773769910245 -364.94745755513577 -0.14209284693105365 0.34441802980212105 0.9280009933174929 113.31705168107987
-0.9872170363362911 -0.06519273283340311 -0.14543875258369868 377.42874246192616 0.009833978294945724 -0.9356951339175863 0.3526725240699146 -364.7520069835552 -0.15907801871498253 0.3467340824733884 0.9243752809400807 113.31567303966806
-0.9949165422363662 -0.08009940742887753 -0.061034079938791966 375.8018109342069 0.05360864145888178 -0.9343401938660834 0.3523272849031448 -364.4386925359231 -0.08524780082421617 0.3472642899231526 0.9338845353676242 112.94617383566163
-0.9922992401970934 -0.07734883183463184 -0.0967438686330524 374.2151124167142 0.03822986832259763 -0.9341722910137809 0.35476838623262547 -364.39889427021365 -0.11781636164942585 0.3483378947457229 0.9299354902420971 112.720456405859
-0.991831810607334 -0.07485491951156859 -0.10327826727968409 372.61283599856716 0.033003344720882274 -0.9327231227984791 0.35907987333501123 -364.1875788147617 -0.12320892299103944 0.35273831266530953 0.9275749263932367 112.43207720753057
-0.9900165220985282 -0.07784922926923918 -0.11750227008071377 371.035104436188 0.030161702520294917 -0.9313347348240271 0.3629130521369236 -364.1181337116409 -0.13768644694744941 0.35574584918512486 0.9243848403746903 112.24018840107064
-0.9937785366981602 -0.0811523741482198 -0.07627917257135303 369.5183166668957 0.04868454654801702 -0.9325192053996811 0.3578236248323477 -364.0242751087212 -0.1001700300762502 0.35188382135422774 0.9306684379217278 112.05286552335188
-0.9923362102767221 -0.07787825247556458 -0.09593656010607006 367.8785833838112 0.040731174064931056 -0.9391560732190185 0.34106720979174493 -363.8627027903345 -0.11666112134265495 0.3345457336855248 0.9351306512139832 111.8615453542268
-0.986624542008306 -0.08524185538413945 -0.1389454540370774 366.30285049014344 0.02798278279122316 -0.9282915870912885 0.3707987233025428 -364.0187890091957 -0.16058946719557718 0.3619510400954885 0.9182605662880415 111.30958871479852
-0.9901747309307782 -0.08527723277482924 -0.1108232637871159 364.6985069358397 0.037567432720320405 -0.9256155133473074 0.3765960826264723 -363.82724078721225 -0.13469480400136186 0.3687325792780835 0.9197247385788677 110.93557616354698
-0.9927333344845382 -0.07999097756553139 -0.08989977814945158 363.1384790398874 0.04017076887686481 -0.9245152446897131 0.37902225747858287 -363.75255188372324 -0.11343207628819754 0.3726566863004477 0.9210104007146273 110.74446903390061
-0.9952518346184251 0.009984080437861226 -0.09681995572437697 361.62641829723725 -0.04484118178078475 -0.9299079315942225 0.3650486367248324 -363.66208907047695 -0.08638896981190723 0.3676568466599886 0.925940272911202 110.50138788804864
-0.9950081753482349 0.01941040761729744 -0.09788752252614064 360.0001167170693 -0.05424482482687666 -0.9285324402315569 0.36726694163391665 -363.72136653596914 -0.08376293911794638 0.3707435009730577 0.9249502832674649 110.32479805033796
-0.9949386846797972 0.02714688623121557 -0.09674740459353001 358.36290134533226 -0.06123942728394492 -0.9271622172641838 0.36962136765032483 -363.8287948021113 -0.0796664689412627 0.37367535300807786 0.9241320166949737 110.18420387323525
-0.9927623881886416 0.0294208064867069 -0.11643563347899961 356.7668346233036 -0.07092307546549668 -0.9260322831419494 0.3707210918540017 -363.93622771015305 -0.09691624200565997 0.3762959297209836 0.9214166350304953 110.0292588860711
-0.9905338978327995 -0.0890290901103616 -0.10448166517759053 355.12447226640006 0.04360338142691249 -0.9257981738184198 0.375494988625172 -363.99718605863876 -0.13015891199722054 0.36738476080071686 0.9209164430930201 109.87749048732277
-0.9910840662310807 -0.08819350138499821 -0.09987131708514112 353.45083235498413 0.04340120596298003 -0.9223821644715136 0.3838326171468556 -363.75120300508325 -0.125971064073562 0.376075855351417 0.91798597050166 109.595727006371
-0.9908337272514469 -0.0843998145999748 -0.10547604579474484 351.73687927618556 0.0410764866237605 -0.9320663391285873 0.3599514713264571 -363.6644085992822 -0.12869050931460818 0.3523194725798209 0.926989612699853 109.36956759661975
-0.9927716606484076 -0.028020558751593788 -0.11670166280156365 350.23942531097066 -0.017384073959974655 -0.9285377559573476 0.37083072922055116 -363.62413932642266 -0.1187527843292759 0.37017898920514125 0.9213388584907859 109.13226999338322
-0.9952346500611071 -0.01446263621979191 -0.0964304073999416 348.6843852568657 -0.022679733634903845 -0.9274833290102 0.37317596933672753 -363.60087006167794 -0.094834703563593 0.37358467120818856 0.9227355376478544 108.90852966780679
-0.9947277441057634 -0.0075945261143842546 -0.10226943961593105 347.1238119755819 -0.031205119384567312 -0.9275485425709651 0.3723975586636855 -363.6304605112353 -0.09768805264951047 0.3736255135126295 0.9224212812061365 108.77314711697868
-0.9698721825208292 -0.2238918990330845 -0.09602274272089265 345.5761436414759 0.1760523229040832 -0.9165935132221326 0.35897341283051154 -363.6942792862118 -0.16838506220077856 0.33125330046124446 0.9283952400573651 108.60917213571469
-0.9632993504654521 -0.2512371359691318 -0.09452122990559111 344.19702480220445 0.20136301782916208 -0.9091883203261559 0.3644578620817987 -363.1554033563558 -0.17750294770389077 0.3320489417127102 0.9264103863104618 108.24878401359176
-0.9688765346657415 -0.19979434144008335 -0.14615225520883338 342.6067537454613 0.13796489749147717 -0.9260357294970329 0.35131682959269794 -362.8683414306201 -0.2055333248752396 0.320218751517493 0.9247788944079051 107.89696584683858
